Timestamp,Run,ID,PhraseA,PhraseB,Prompt,RawOutput
2026-08-16 22:10:33,1,9013,no_evident_not_small_hotel_which_we_like,clean_hotel,"Task: decide if Proposition B contradicts Assumption A.

Steps:
1. A defends a claim (strip ""no_evident_not_"" / ""have_evident_"" to see it).
2. B states a fact.
3. Does B disprove A's claim? Same specific issue only, not just same topic.

Output pattern (always use this exact shape):
A: <phrase>
B: <phrase>
Answer: Yes/No

Examples:

A: no_evident_not_easy_check-in
B: customer_wait_10_minute_for_greet
Answer: Yes

A: no_evident_not_easy_check-in
B: no_one_give_key_on_late_check-in
Answer: No

A: no_evident_not_great_quality
B: shampoo_seem_cheap_considering_hotel_cost
Answer: Yes

A: no_evident_not_great_quality
B: expensive_hotel
Answer: No

Now answer for this pair. Output ONLY the final line ""Answer: Yes"" or ""Answer: No"" — no other text.

A: no_evident_not_small_hotel_which_we_like
B: clean_hotel
Answer:
","A: no_evident_not_small_hotel_which_we_like
B: clean_hotel
Answer: No"
2026-08-16 22:10:34,1,820,no_evident_not_not_big_hotel,welcoming_hotel,"Task: decide if Proposition B contradicts Assumption A.

Steps:
1. A defends a claim (strip ""no_evident_not_"" / ""have_evident_"" to see it).
2. B states a fact.
3. Does B disprove A's claim? Same specific issue only, not just same topic.

Output pattern (always use this exact shape):
A: <phrase>
B: <phrase>
Answer: Yes/No

Examples:

A: no_evident_not_easy_check-in
B: customer_wait_10_minute_for_greet
Answer: Yes

A: no_evident_not_easy_check-in
B: no_one_give_key_on_late_check-in
Answer: No

A: no_evident_not_great_quality
B: shampoo_seem_cheap_considering_hotel_cost
Answer: Yes

A: no_evident_not_great_quality
B: expensive_hotel
Answer: No

Now answer for this pair. Output ONLY the final line ""Answer: Yes"" or ""Answer: No"" — no other text.

A: no_evident_not_not_big_hotel
B: welcoming_hotel
Answer:
","A: no_evident_not_not_big_hotel
B: welcoming_hotel
Answer: No"
2026-08-16 22:10:34,1,7315,no_evident_not_quiet_hotel,pet_friendly,"Task: decide if Proposition B contradicts Assumption A.

Steps:
1. A defends a claim (strip ""no_evident_not_"" / ""have_evident_"" to see it).
2. B states a fact.
3. Does B disprove A's claim? Same specific issue only, not just same topic.

Output pattern (always use this exact shape):
A: <phrase>
B: <phrase>
Answer: Yes/No

Examples:

A: no_evident_not_easy_check-in
B: customer_wait_10_minute_for_greet
Answer: Yes

A: no_evident_not_easy_check-in
B: no_one_give_key_on_late_check-in
Answer: No

A: no_evident_not_great_quality
B: shampoo_seem_cheap_considering_hotel_cost
Answer: Yes

A: no_evident_not_great_quality
B: expensive_hotel
Answer: No

Now answer for this pair. Output ONLY the final line ""Answer: Yes"" or ""Answer: No"" — no other text.

A: no_evident_not_quiet_hotel
B: pet_friendly
Answer:
","A: no_evident_not_quiet_hotel
B: pet_friendly
Answer: No"
2026-08-16 22:10:34,1,24300,no_evident_not_as_expected_hotel,cozy_atmosphere,"Task: decide if Proposition B contradicts Assumption A.

Steps:
1. A defends a claim (strip ""no_evident_not_"" / ""have_evident_"" to see it).
2. B states a fact.
3. Does B disprove A's claim? Same specific issue only, not just same topic.

Output pattern (always use this exact shape):
A: <phrase>
B: <phrase>
Answer: Yes/No

Examples:

A: no_evident_not_easy_check-in
B: customer_wait_10_minute_for_greet
Answer: Yes

A: no_evident_not_easy_check-in
B: no_one_give_key_on_late_check-in
Answer: No

A: no_evident_not_great_quality
B: shampoo_seem_cheap_considering_hotel_cost
Answer: Yes

A: no_evident_not_great_quality
B: expensive_hotel
Answer: No

Now answer for this pair. Output ONLY the final line ""Answer: Yes"" or ""Answer: No"" — no other text.

A: no_evident_not_as_expected_hotel
B: cozy_atmosphere
Answer:
","A: no_evident_not_as_expected_hotel
B: cozy_atmosphere
Answer: No"
2026-08-16 22:10:34,1,20953,no_evident_not_spotless_hotel,feel_welcome_from_arrival_moment,"Task: decide if Proposition B contradicts Assumption A.

Steps:
1. A defends a claim (strip ""no_evident_not_"" / ""have_evident_"" to see it).
2. B states a fact.
3. Does B disprove A's claim? Same specific issue only, not just same topic.

Output pattern (always use this exact shape):
A: <phrase>
B: <phrase>
Answer: Yes/No

Examples:

A: no_evident_not_easy_check-in
B: customer_wait_10_minute_for_greet
Answer: Yes

A: no_evident_not_easy_check-in
B: no_one_give_key_on_late_check-in
Answer: No

A: no_evident_not_great_quality
B: shampoo_seem_cheap_considering_hotel_cost
Answer: Yes

A: no_evident_not_great_quality
B: expensive_hotel
Answer: No

Now answer for this pair. Output ONLY the final line ""Answer: Yes"" or ""Answer: No"" — no other text.

A: no_evident_not_spotless_hotel
B: feel_welcome_from_arrival_moment
Answer:
",Answer: No
2026-08-16 22:10:34,1,4573,no_evident_not_allow_stay_with_animal,feel_welcome_from_arrival_moment,"Task: decide if Proposition B contradicts Assumption A.

Steps:
1. A defends a claim (strip ""no_evident_not_"" / ""have_evident_"" to see it).
2. B states a fact.
3. Does B disprove A's claim? Same specific issue only, not just same topic.

Output pattern (always use this exact shape):
A: <phrase>
B: <phrase>
Answer: Yes/No

Examples:

A: no_evident_not_easy_check-in
B: customer_wait_10_minute_for_greet
Answer: Yes

A: no_evident_not_easy_check-in
B: no_one_give_key_on_late_check-in
Answer: No

A: no_evident_not_great_quality
B: shampoo_seem_cheap_considering_hotel_cost
Answer: Yes

A: no_evident_not_great_quality
B: expensive_hotel
Answer: No

Now answer for this pair. Output ONLY the final line ""Answer: Yes"" or ""Answer: No"" — no other text.

A: no_evident_not_allow_stay_with_animal
B: feel_welcome_from_arrival_moment
Answer:
",Answer: No
2026-08-16 22:10:35,1,3649,no_evident_not_spacious_hotel,beautifully_kept_hotel,"Task: decide if Proposition B contradicts Assumption A.

Steps:
1. A defends a claim (strip ""no_evident_not_"" / ""have_evident_"" to see it).
2. B states a fact.
3. Does B disprove A's claim? Same specific issue only, not just same topic.

Output pattern (always use this exact shape):
A: <phrase>
B: <phrase>
Answer: Yes/No

Examples:

A: no_evident_not_easy_check-in
B: customer_wait_10_minute_for_greet
Answer: Yes

A: no_evident_not_easy_check-in
B: no_one_give_key_on_late_check-in
Answer: No

A: no_evident_not_great_quality
B: shampoo_seem_cheap_considering_hotel_cost
Answer: Yes

A: no_evident_not_great_quality
B: expensive_hotel
Answer: No

Now answer for this pair. Output ONLY the final line ""Answer: Yes"" or ""Answer: No"" — no other text.

A: no_evident_not_spacious_hotel
B: beautifully_kept_hotel
Answer:
","A: no_evident_not_spacious_hotel
B: beautifully_kept_hotel
Answer: No"
2026-08-16 22:10:35,1,8025,no_evident_not_offered_food,brand_new_fitting,"Task: decide if Proposition B contradicts Assumption A.

Steps:
1. A defends a claim (strip ""no_evident_not_"" / ""have_evident_"" to see it).
2. B states a fact.
3. Does B disprove A's claim? Same specific issue only, not just same topic.

Output pattern (always use this exact shape):
A: <phrase>
B: <phrase>
Answer: Yes/No

Examples:

A: no_evident_not_easy_check-in
B: customer_wait_10_minute_for_greet
Answer: Yes

A: no_evident_not_easy_check-in
B: no_one_give_key_on_late_check-in
Answer: No

A: no_evident_not_great_quality
B: shampoo_seem_cheap_considering_hotel_cost
Answer: Yes

A: no_evident_not_great_quality
B: expensive_hotel
Answer: No

Now answer for this pair. Output ONLY the final line ""Answer: Yes"" or ""Answer: No"" — no other text.

A: no_evident_not_offered_food
B: brand_new_fitting
Answer:
","A: no_evident_not_offered_food
B: brand_new_fitting
Answer: No"
2026-08-16 22:10:35,1,24133,no_evident_not_as_expected_hotel,clean_hotel,"Task: decide if Proposition B contradicts Assumption A.

Steps:
1. A defends a claim (strip ""no_evident_not_"" / ""have_evident_"" to see it).
2. B states a fact.
3. Does B disprove A's claim? Same specific issue only, not just same topic.

Output pattern (always use this exact shape):
A: <phrase>
B: <phrase>
Answer: Yes/No

Examples:

A: no_evident_not_easy_check-in
B: customer_wait_10_minute_for_greet
Answer: Yes

A: no_evident_not_easy_check-in
B: no_one_give_key_on_late_check-in
Answer: No

A: no_evident_not_great_quality
B: shampoo_seem_cheap_considering_hotel_cost
Answer: Yes

A: no_evident_not_great_quality
B: expensive_hotel
Answer: No

Now answer for this pair. Output ONLY the final line ""Answer: Yes"" or ""Answer: No"" — no other text.

A: no_evident_not_as_expected_hotel
B: clean_hotel
Answer:
","A: no_evident_not_as_expected_hotel
B: clean_hotel
Answer: No"
2026-08-16 22:10:36,1,3359,no_evident_not_lovely_little_hotel,airy_hotel,"Task: decide if Proposition B contradicts Assumption A.

Steps:
1. A defends a claim (strip ""no_evident_not_"" / ""have_evident_"" to see it).
2. B states a fact.
3. Does B disprove A's claim? Same specific issue only, not just same topic.

Output pattern (always use this exact shape):
A: <phrase>
B: <phrase>
Answer: Yes/No

Examples:

A: no_evident_not_easy_check-in
B: customer_wait_10_minute_for_greet
Answer: Yes

A: no_evident_not_easy_check-in
B: no_one_give_key_on_late_check-in
Answer: No

A: no_evident_not_great_quality
B: shampoo_seem_cheap_considering_hotel_cost
Answer: Yes

A: no_evident_not_great_quality
B: expensive_hotel
Answer: No

Now answer for this pair. Output ONLY the final line ""Answer: Yes"" or ""Answer: No"" — no other text.

A: no_evident_not_lovely_little_hotel
B: airy_hotel
Answer:
","A: no_evident_not_lovely_little_hotel
B: airy_hotel
Answer: Yes"
2026-08-16 22:10:36,1,22175,no_evident_not_friendly_hotel,fantastic_service,"Task: decide if Proposition B contradicts Assumption A.

Steps:
1. A defends a claim (strip ""no_evident_not_"" / ""have_evident_"" to see it).
2. B states a fact.
3. Does B disprove A's claim? Same specific issue only, not just same topic.

Output pattern (always use this exact shape):
A: <phrase>
B: <phrase>
Answer: Yes/No

Examples:

A: no_evident_not_easy_check-in
B: customer_wait_10_minute_for_greet
Answer: Yes

A: no_evident_not_easy_check-in
B: no_one_give_key_on_late_check-in
Answer: No

A: no_evident_not_great_quality
B: shampoo_seem_cheap_considering_hotel_cost
Answer: Yes

A: no_evident_not_great_quality
B: expensive_hotel
Answer: No

Now answer for this pair. Output ONLY the final line ""Answer: Yes"" or ""Answer: No"" — no other text.

A: no_evident_not_friendly_hotel
B: fantastic_service
Answer:
",Answer: No
2026-08-16 22:10:36,1,24271,no_evident_not_as_expected_hotel,innovative_hotel,"Task: decide if Proposition B contradicts Assumption A.

Steps:
1. A defends a claim (strip ""no_evident_not_"" / ""have_evident_"" to see it).
2. B states a fact.
3. Does B disprove A's claim? Same specific issue only, not just same topic.

Output pattern (always use this exact shape):
A: <phrase>
B: <phrase>
Answer: Yes/No

Examples:

A: no_evident_not_easy_check-in
B: customer_wait_10_minute_for_greet
Answer: Yes

A: no_evident_not_easy_check-in
B: no_one_give_key_on_late_check-in
Answer: No

A: no_evident_not_great_quality
B: shampoo_seem_cheap_considering_hotel_cost
Answer: Yes

A: no_evident_not_great_quality
B: expensive_hotel
Answer: No

Now answer for this pair. Output ONLY the final line ""Answer: Yes"" or ""Answer: No"" — no other text.

A: no_evident_not_as_expected_hotel
B: innovative_hotel
Answer:
","A: no_evident_not_as_expected_hotel
B: innovative_hotel
Answer: No"
2026-08-16 22:10:37,1,17871,no_evident_not_welcoming_hotel,small_hotel_which_we_like,"Task: decide if Proposition B contradicts Assumption A.

Steps:
1. A defends a claim (strip ""no_evident_not_"" / ""have_evident_"" to see it).
2. B states a fact.
3. Does B disprove A's claim? Same specific issue only, not just same topic.

Output pattern (always use this exact shape):
A: <phrase>
B: <phrase>
Answer: Yes/No

Examples:

A: no_evident_not_easy_check-in
B: customer_wait_10_minute_for_greet
Answer: Yes

A: no_evident_not_easy_check-in
B: no_one_give_key_on_late_check-in
Answer: No

A: no_evident_not_great_quality
B: shampoo_seem_cheap_considering_hotel_cost
Answer: Yes

A: no_evident_not_great_quality
B: expensive_hotel
Answer: No

Now answer for this pair. Output ONLY the final line ""Answer: Yes"" or ""Answer: No"" — no other text.

A: no_evident_not_welcoming_hotel
B: small_hotel_which_we_like
Answer:
","A: no_evident_not_welcoming_hotel
B: small_hotel_which_we_like
Answer: No"
2026-08-16 22:10:37,1,29235,no_evident_not_comfortable_hall,no_extra_charge_for_dog,"Task: decide if Proposition B contradicts Assumption A.

Steps:
1. A defends a claim (strip ""no_evident_not_"" / ""have_evident_"" to see it).
2. B states a fact.
3. Does B disprove A's claim? Same specific issue only, not just same topic.

Output pattern (always use this exact shape):
A: <phrase>
B: <phrase>
Answer: Yes/No

Examples:

A: no_evident_not_easy_check-in
B: customer_wait_10_minute_for_greet
Answer: Yes

A: no_evident_not_easy_check-in
B: no_one_give_key_on_late_check-in
Answer: No

A: no_evident_not_great_quality
B: shampoo_seem_cheap_considering_hotel_cost
Answer: Yes

A: no_evident_not_great_quality
B: expensive_hotel
Answer: No

Now answer for this pair. Output ONLY the final line ""Answer: Yes"" or ""Answer: No"" — no other text.

A: no_evident_not_comfortable_hall
B: no_extra_charge_for_dog
Answer:
","A: no_evident_not_comfortable_hall
B: no_extra_charge_for_dog
Answer: No"
2026-08-16 22:10:37,1,2849,no_evident_not_everything_spotless_clean,stunning_hotel,"Task: decide if Proposition B contradicts Assumption A.

Steps:
1. A defends a claim (strip ""no_evident_not_"" / ""have_evident_"" to see it).
2. B states a fact.
3. Does B disprove A's claim? Same specific issue only, not just same topic.

Output pattern (always use this exact shape):
A: <phrase>
B: <phrase>
Answer: Yes/No

Examples:

A: no_evident_not_easy_check-in
B: customer_wait_10_minute_for_greet
Answer: Yes

A: no_evident_not_easy_check-in
B: no_one_give_key_on_late_check-in
Answer: No

A: no_evident_not_great_quality
B: shampoo_seem_cheap_considering_hotel_cost
Answer: Yes

A: no_evident_not_great_quality
B: expensive_hotel
Answer: No

Now answer for this pair. Output ONLY the final line ""Answer: Yes"" or ""Answer: No"" — no other text.

A: no_evident_not_everything_spotless_clean
B: stunning_hotel
Answer:
",Answer: No
2026-08-16 22:10:37,1,19350,no_evident_not_recently_renovated_hotel,clear_decoration,"Task: decide if Proposition B contradicts Assumption A.

Steps:
1. A defends a claim (strip ""no_evident_not_"" / ""have_evident_"" to see it).
2. B states a fact.
3. Does B disprove A's claim? Same specific issue only, not just same topic.

Output pattern (always use this exact shape):
A: <phrase>
B: <phrase>
Answer: Yes/No

Examples:

A: no_evident_not_easy_check-in
B: customer_wait_10_minute_for_greet
Answer: Yes

A: no_evident_not_easy_check-in
B: no_one_give_key_on_late_check-in
Answer: No

A: no_evident_not_great_quality
B: shampoo_seem_cheap_considering_hotel_cost
Answer: Yes

A: no_evident_not_great_quality
B: expensive_hotel
Answer: No

Now answer for this pair. Output ONLY the final line ""Answer: Yes"" or ""Answer: No"" — no other text.

A: no_evident_not_recently_renovated_hotel
B: clear_decoration
Answer:
","A: no_evident_not_recently_renovated_hotel
B: clear_decoration
Answer: No"
2026-08-16 22:10:37,1,13826,no_evident_not_good_wifi,have_parking,"Task: decide if Proposition B contradicts Assumption A.

Steps:
1. A defends a claim (strip ""no_evident_not_"" / ""have_evident_"" to see it).
2. B states a fact.
3. Does B disprove A's claim? Same specific issue only, not just same topic.

Output pattern (always use this exact shape):
A: <phrase>
B: <phrase>
Answer: Yes/No

Examples:

A: no_evident_not_easy_check-in
B: customer_wait_10_minute_for_greet
Answer: Yes

A: no_evident_not_easy_check-in
B: no_one_give_key_on_late_check-in
Answer: No

A: no_evident_not_great_quality
B: shampoo_seem_cheap_considering_hotel_cost
Answer: Yes

A: no_evident_not_great_quality
B: expensive_hotel
Answer: No

Now answer for this pair. Output ONLY the final line ""Answer: Yes"" or ""Answer: No"" — no other text.

A: no_evident_not_good_wifi
B: have_parking
Answer:
",Answer: No
2026-08-16 22:10:38,1,1042,no_evident_not_nice_hotel,recently_freshed_up,"Task: decide if Proposition B contradicts Assumption A.

Steps:
1. A defends a claim (strip ""no_evident_not_"" / ""have_evident_"" to see it).
2. B states a fact.
3. Does B disprove A's claim? Same specific issue only, not just same topic.

Output pattern (always use this exact shape):
A: <phrase>
B: <phrase>
Answer: Yes/No

Examples:

A: no_evident_not_easy_check-in
B: customer_wait_10_minute_for_greet
Answer: Yes

A: no_evident_not_easy_check-in
B: no_one_give_key_on_late_check-in
Answer: No

A: no_evident_not_great_quality
B: shampoo_seem_cheap_considering_hotel_cost
Answer: Yes

A: no_evident_not_great_quality
B: expensive_hotel
Answer: No

Now answer for this pair. Output ONLY the final line ""Answer: Yes"" or ""Answer: No"" — no other text.

A: no_evident_not_nice_hotel
B: recently_freshed_up
Answer:
","A: no_evident_not_nice_hotel
B: recently_freshed_up
Answer: No"
2026-08-16 22:10:38,1,977,no_evident_not_nice_hotel,good_wifi,"Task: decide if Proposition B contradicts Assumption A.

Steps:
1. A defends a claim (strip ""no_evident_not_"" / ""have_evident_"" to see it).
2. B states a fact.
3. Does B disprove A's claim? Same specific issue only, not just same topic.

Output pattern (always use this exact shape):
A: <phrase>
B: <phrase>
Answer: Yes/No

Examples:

A: no_evident_not_easy_check-in
B: customer_wait_10_minute_for_greet
Answer: Yes

A: no_evident_not_easy_check-in
B: no_one_give_key_on_late_check-in
Answer: No

A: no_evident_not_great_quality
B: shampoo_seem_cheap_considering_hotel_cost
Answer: Yes

A: no_evident_not_great_quality
B: expensive_hotel
Answer: No

Now answer for this pair. Output ONLY the final line ""Answer: Yes"" or ""Answer: No"" — no other text.

A: no_evident_not_nice_hotel
B: good_wifi
Answer:
",Answer: No
2026-08-16 22:10:38,1,3071,no_evident_not_has_plenty_of_chair,lovely_hotel,"Task: decide if Proposition B contradicts Assumption A.

Steps:
1. A defends a claim (strip ""no_evident_not_"" / ""have_evident_"" to see it).
2. B states a fact.
3. Does B disprove A's claim? Same specific issue only, not just same topic.

Output pattern (always use this exact shape):
A: <phrase>
B: <phrase>
Answer: Yes/No

Examples:

A: no_evident_not_easy_check-in
B: customer_wait_10_minute_for_greet
Answer: Yes

A: no_evident_not_easy_check-in
B: no_one_give_key_on_late_check-in
Answer: No

A: no_evident_not_great_quality
B: shampoo_seem_cheap_considering_hotel_cost
Answer: Yes

A: no_evident_not_great_quality
B: expensive_hotel
Answer: No

Now answer for this pair. Output ONLY the final line ""Answer: Yes"" or ""Answer: No"" — no other text.

A: no_evident_not_has_plenty_of_chair
B: lovely_hotel
Answer:
",Answer: No
2026-08-16 22:10:38,1,7165,no_evident_not_great_hotel,has_cozy_courtyard,"Task: decide if Proposition B contradicts Assumption A.

Steps:
1. A defends a claim (strip ""no_evident_not_"" / ""have_evident_"" to see it).
2. B states a fact.
3. Does B disprove A's claim? Same specific issue only, not just same topic.

Output pattern (always use this exact shape):
A: <phrase>
B: <phrase>
Answer: Yes/No

Examples:

A: no_evident_not_easy_check-in
B: customer_wait_10_minute_for_greet
Answer: Yes

A: no_evident_not_easy_check-in
B: no_one_give_key_on_late_check-in
Answer: No

A: no_evident_not_great_quality
B: shampoo_seem_cheap_considering_hotel_cost
Answer: Yes

A: no_evident_not_great_quality
B: expensive_hotel
Answer: No

Now answer for this pair. Output ONLY the final line ""Answer: Yes"" or ""Answer: No"" — no other text.

A: no_evident_not_great_hotel
B: has_cozy_courtyard
Answer:
",Answer: No
2026-08-16 22:10:38,1,7624,no_evident_not_beautiful_hotel,boutique_hotel,"Task: decide if Proposition B contradicts Assumption A.

Steps:
1. A defends a claim (strip ""no_evident_not_"" / ""have_evident_"" to see it).
2. B states a fact.
3. Does B disprove A's claim? Same specific issue only, not just same topic.

Output pattern (always use this exact shape):
A: <phrase>
B: <phrase>
Answer: Yes/No

Examples:

A: no_evident_not_easy_check-in
B: customer_wait_10_minute_for_greet
Answer: Yes

A: no_evident_not_easy_check-in
B: no_one_give_key_on_late_check-in
Answer: No

A: no_evident_not_great_quality
B: shampoo_seem_cheap_considering_hotel_cost
Answer: Yes

A: no_evident_not_great_quality
B: expensive_hotel
Answer: No

Now answer for this pair. Output ONLY the final line ""Answer: Yes"" or ""Answer: No"" — no other text.

A: no_evident_not_beautiful_hotel
B: boutique_hotel
Answer:
","A: no_evident_not_beautiful_hotel
B: boutique_hotel
Answer: No"
2026-08-16 22:10:38,1,16560,no_evident_not_nice_atmosphere,cozy_atmosphere,"Task: decide if Proposition B contradicts Assumption A.

Steps:
1. A defends a claim (strip ""no_evident_not_"" / ""have_evident_"" to see it).
2. B states a fact.
3. Does B disprove A's claim? Same specific issue only, not just same topic.

Output pattern (always use this exact shape):
A: <phrase>
B: <phrase>
Answer: Yes/No

Examples:

A: no_evident_not_easy_check-in
B: customer_wait_10_minute_for_greet
Answer: Yes

A: no_evident_not_easy_check-in
B: no_one_give_key_on_late_check-in
Answer: No

A: no_evident_not_great_quality
B: shampoo_seem_cheap_considering_hotel_cost
Answer: Yes

A: no_evident_not_great_quality
B: expensive_hotel
Answer: No

Now answer for this pair. Output ONLY the final line ""Answer: Yes"" or ""Answer: No"" — no other text.

A: no_evident_not_nice_atmosphere
B: cozy_atmosphere
Answer:
",Answer: No
2026-08-16 22:10:38,1,19727,no_evident_not_5*_facility,affordable_hotel,"Task: decide if Proposition B contradicts Assumption A.

Steps:
1. A defends a claim (strip ""no_evident_not_"" / ""have_evident_"" to see it).
2. B states a fact.
3. Does B disprove A's claim? Same specific issue only, not just same topic.

Output pattern (always use this exact shape):
A: <phrase>
B: <phrase>
Answer: Yes/No

Examples:

A: no_evident_not_easy_check-in
B: customer_wait_10_minute_for_greet
Answer: Yes

A: no_evident_not_easy_check-in
B: no_one_give_key_on_late_check-in
Answer: No

A: no_evident_not_great_quality
B: shampoo_seem_cheap_considering_hotel_cost
Answer: Yes

A: no_evident_not_great_quality
B: expensive_hotel
Answer: No

Now answer for this pair. Output ONLY the final line ""Answer: Yes"" or ""Answer: No"" — no other text.

A: no_evident_not_5*_facility
B: affordable_hotel
Answer:
",Answer: Yes
2026-08-16 22:10:39,1,870,no_evident_not_not_big_hotel,aesthetic_hotel,"Task: decide if Proposition B contradicts Assumption A.

Steps:
1. A defends a claim (strip ""no_evident_not_"" / ""have_evident_"" to see it).
2. B states a fact.
3. Does B disprove A's claim? Same specific issue only, not just same topic.

Output pattern (always use this exact shape):
A: <phrase>
B: <phrase>
Answer: Yes/No

Examples:

A: no_evident_not_easy_check-in
B: customer_wait_10_minute_for_greet
Answer: Yes

A: no_evident_not_easy_check-in
B: no_one_give_key_on_late_check-in
Answer: No

A: no_evident_not_great_quality
B: shampoo_seem_cheap_considering_hotel_cost
Answer: Yes

A: no_evident_not_great_quality
B: expensive_hotel
Answer: No

Now answer for this pair. Output ONLY the final line ""Answer: Yes"" or ""Answer: No"" — no other text.

A: no_evident_not_not_big_hotel
B: aesthetic_hotel
Answer:
","A: no_evident_not_not_big_hotel
B: aesthetic_hotel
Answer: No"
2026-08-16 22:10:39,1,18391,no_evident_not_hotel_received_package_prior_arrival,everything_beautiful,"Task: decide if Proposition B contradicts Assumption A.

Steps:
1. A defends a claim (strip ""no_evident_not_"" / ""have_evident_"" to see it).
2. B states a fact.
3. Does B disprove A's claim? Same specific issue only, not just same topic.

Output pattern (always use this exact shape):
A: <phrase>
B: <phrase>
Answer: Yes/No

Examples:

A: no_evident_not_easy_check-in
B: customer_wait_10_minute_for_greet
Answer: Yes

A: no_evident_not_easy_check-in
B: no_one_give_key_on_late_check-in
Answer: No

A: no_evident_not_great_quality
B: shampoo_seem_cheap_considering_hotel_cost
Answer: Yes

A: no_evident_not_great_quality
B: expensive_hotel
Answer: No

Now answer for this pair. Output ONLY the final line ""Answer: Yes"" or ""Answer: No"" — no other text.

A: no_evident_not_hotel_received_package_prior_arrival
B: everything_beautiful
Answer:
",Answer: No
2026-08-16 22:10:39,1,6516,no_evident_not_amazing_hotel,perfect_hotel,"Task: decide if Proposition B contradicts Assumption A.

Steps:
1. A defends a claim (strip ""no_evident_not_"" / ""have_evident_"" to see it).
2. B states a fact.
3. Does B disprove A's claim? Same specific issue only, not just same topic.

Output pattern (always use this exact shape):
A: <phrase>
B: <phrase>
Answer: Yes/No

Examples:

A: no_evident_not_easy_check-in
B: customer_wait_10_minute_for_greet
Answer: Yes

A: no_evident_not_easy_check-in
B: no_one_give_key_on_late_check-in
Answer: No

A: no_evident_not_great_quality
B: shampoo_seem_cheap_considering_hotel_cost
Answer: Yes

A: no_evident_not_great_quality
B: expensive_hotel
Answer: No

Now answer for this pair. Output ONLY the final line ""Answer: Yes"" or ""Answer: No"" — no other text.

A: no_evident_not_amazing_hotel
B: perfect_hotel
Answer:
",Answer: Yes
2026-08-16 22:10:39,1,23463,no_evident_not_furnished_hotel,allow_to_take_dog,"Task: decide if Proposition B contradicts Assumption A.

Steps:
1. A defends a claim (strip ""no_evident_not_"" / ""have_evident_"" to see it).
2. B states a fact.
3. Does B disprove A's claim? Same specific issue only, not just same topic.

Output pattern (always use this exact shape):
A: <phrase>
B: <phrase>
Answer: Yes/No

Examples:

A: no_evident_not_easy_check-in
B: customer_wait_10_minute_for_greet
Answer: Yes

A: no_evident_not_easy_check-in
B: no_one_give_key_on_late_check-in
Answer: No

A: no_evident_not_great_quality
B: shampoo_seem_cheap_considering_hotel_cost
Answer: Yes

A: no_evident_not_great_quality
B: expensive_hotel
Answer: No

Now answer for this pair. Output ONLY the final line ""Answer: Yes"" or ""Answer: No"" — no other text.

A: no_evident_not_furnished_hotel
B: allow_to_take_dog
Answer:
","A: no_evident_not_furnished_hotel
B: allow_to_take_dog
Answer: No"
2026-08-16 22:10:40,1,21296,no_evident_not_airy_hotel,family_run_small_hotel,"Task: decide if Proposition B contradicts Assumption A.

Steps:
1. A defends a claim (strip ""no_evident_not_"" / ""have_evident_"" to see it).
2. B states a fact.
3. Does B disprove A's claim? Same specific issue only, not just same topic.

Output pattern (always use this exact shape):
A: <phrase>
B: <phrase>
Answer: Yes/No

Examples:

A: no_evident_not_easy_check-in
B: customer_wait_10_minute_for_greet
Answer: Yes

A: no_evident_not_easy_check-in
B: no_one_give_key_on_late_check-in
Answer: No

A: no_evident_not_great_quality
B: shampoo_seem_cheap_considering_hotel_cost
Answer: Yes

A: no_evident_not_great_quality
B: expensive_hotel
Answer: No

Now answer for this pair. Output ONLY the final line ""Answer: Yes"" or ""Answer: No"" — no other text.

A: no_evident_not_airy_hotel
B: family_run_small_hotel
Answer:
","A: no_evident_not_airy_hotel
B: family_run_small_hotel
Answer: No"
2026-08-16 22:10:40,1,22982,no_evident_not_many_free_parking_space_available_on_early_November,take_COVID_prevention_measure,"Task: decide if Proposition B contradicts Assumption A.

Steps:
1. A defends a claim (strip ""no_evident_not_"" / ""have_evident_"" to see it).
2. B states a fact.
3. Does B disprove A's claim? Same specific issue only, not just same topic.

Output pattern (always use this exact shape):
A: <phrase>
B: <phrase>
Answer: Yes/No

Examples:

A: no_evident_not_easy_check-in
B: customer_wait_10_minute_for_greet
Answer: Yes

A: no_evident_not_easy_check-in
B: no_one_give_key_on_late_check-in
Answer: No

A: no_evident_not_great_quality
B: shampoo_seem_cheap_considering_hotel_cost
Answer: Yes

A: no_evident_not_great_quality
B: expensive_hotel
Answer: No

Now answer for this pair. Output ONLY the final line ""Answer: Yes"" or ""Answer: No"" — no other text.

A: no_evident_not_many_free_parking_space_available_on_early_November
B: take_COVID_prevention_measure
Answer:
","A: no_evident_not_many_free_parking_space_available_on_early_November
B: take_COVID_prevention_measure
Answer: No"
2026-08-16 22:10:40,1,17857,no_evident_not_welcoming_hotel,amazing_hotel,"Task: decide if Proposition B contradicts Assumption A.

Steps:
1. A defends a claim (strip ""no_evident_not_"" / ""have_evident_"" to see it).
2. B states a fact.
3. Does B disprove A's claim? Same specific issue only, not just same topic.

Output pattern (always use this exact shape):
A: <phrase>
B: <phrase>
Answer: Yes/No

Examples:

A: no_evident_not_easy_check-in
B: customer_wait_10_minute_for_greet
Answer: Yes

A: no_evident_not_easy_check-in
B: no_one_give_key_on_late_check-in
Answer: No

A: no_evident_not_great_quality
B: shampoo_seem_cheap_considering_hotel_cost
Answer: Yes

A: no_evident_not_great_quality
B: expensive_hotel
Answer: No

Now answer for this pair. Output ONLY the final line ""Answer: Yes"" or ""Answer: No"" — no other text.

A: no_evident_not_welcoming_hotel
B: amazing_hotel
Answer:
",Answer: No
2026-08-16 22:10:40,1,13747,no_evident_not_good_wifi,everything_great,"Task: decide if Proposition B contradicts Assumption A.

Steps:
1. A defends a claim (strip ""no_evident_not_"" / ""have_evident_"" to see it).
2. B states a fact.
3. Does B disprove A's claim? Same specific issue only, not just same topic.

Output pattern (always use this exact shape):
A: <phrase>
B: <phrase>
Answer: Yes/No

Examples:

A: no_evident_not_easy_check-in
B: customer_wait_10_minute_for_greet
Answer: Yes

A: no_evident_not_easy_check-in
B: no_one_give_key_on_late_check-in
Answer: No

A: no_evident_not_great_quality
B: shampoo_seem_cheap_considering_hotel_cost
Answer: Yes

A: no_evident_not_great_quality
B: expensive_hotel
Answer: No

Now answer for this pair. Output ONLY the final line ""Answer: Yes"" or ""Answer: No"" — no other text.

A: no_evident_not_good_wifi
B: everything_great
Answer:
","A: no_evident_not_good_wifi
B: everything_great
Answer: No"
2026-08-16 22:10:41,1,7224,no_evident_not_quiet_hotel,recently_refurbished_hotel,"Task: decide if Proposition B contradicts Assumption A.

Steps:
1. A defends a claim (strip ""no_evident_not_"" / ""have_evident_"" to see it).
2. B states a fact.
3. Does B disprove A's claim? Same specific issue only, not just same topic.

Output pattern (always use this exact shape):
A: <phrase>
B: <phrase>
Answer: Yes/No

Examples:

A: no_evident_not_easy_check-in
B: customer_wait_10_minute_for_greet
Answer: Yes

A: no_evident_not_easy_check-in
B: no_one_give_key_on_late_check-in
Answer: No

A: no_evident_not_great_quality
B: shampoo_seem_cheap_considering_hotel_cost
Answer: Yes

A: no_evident_not_great_quality
B: expensive_hotel
Answer: No

Now answer for this pair. Output ONLY the final line ""Answer: Yes"" or ""Answer: No"" — no other text.

A: no_evident_not_quiet_hotel
B: recently_refurbished_hotel
Answer:
","A: no_evident_not_quiet_hotel
B: recently_refurbished_hotel
Answer: No"
2026-08-16 22:10:41,1,14720,no_evident_not_spotlessly_clean,has_parking_next_to_hotel,"Task: decide if Proposition B contradicts Assumption A.

Steps:
1. A defends a claim (strip ""no_evident_not_"" / ""have_evident_"" to see it).
2. B states a fact.
3. Does B disprove A's claim? Same specific issue only, not just same topic.

Output pattern (always use this exact shape):
A: <phrase>
B: <phrase>
Answer: Yes/No

Examples:

A: no_evident_not_easy_check-in
B: customer_wait_10_minute_for_greet
Answer: Yes

A: no_evident_not_easy_check-in
B: no_one_give_key_on_late_check-in
Answer: No

A: no_evident_not_great_quality
B: shampoo_seem_cheap_considering_hotel_cost
Answer: Yes

A: no_evident_not_great_quality
B: expensive_hotel
Answer: No

Now answer for this pair. Output ONLY the final line ""Answer: Yes"" or ""Answer: No"" — no other text.

A: no_evident_not_spotlessly_clean
B: has_parking_next_to_hotel
Answer:
",Answer: No
2026-08-16 22:10:41,1,19310,no_evident_not_recently_renovated_hotel,happy_with_service,"Task: decide if Proposition B contradicts Assumption A.

Steps:
1. A defends a claim (strip ""no_evident_not_"" / ""have_evident_"" to see it).
2. B states a fact.
3. Does B disprove A's claim? Same specific issue only, not just same topic.

Output pattern (always use this exact shape):
A: <phrase>
B: <phrase>
Answer: Yes/No

Examples:

A: no_evident_not_easy_check-in
B: customer_wait_10_minute_for_greet
Answer: Yes

A: no_evident_not_easy_check-in
B: no_one_give_key_on_late_check-in
Answer: No

A: no_evident_not_great_quality
B: shampoo_seem_cheap_considering_hotel_cost
Answer: Yes

A: no_evident_not_great_quality
B: expensive_hotel
Answer: No

Now answer for this pair. Output ONLY the final line ""Answer: Yes"" or ""Answer: No"" — no other text.

A: no_evident_not_recently_renovated_hotel
B: happy_with_service
Answer:
","A: no_evident_not_recently_renovated_hotel
B: happy_with_service
Answer: No"
2026-08-16 22:10:42,1,9116,no_evident_not_small_hotel_which_we_like,made_for_comfortable_stay,"Task: decide if Proposition B contradicts Assumption A.

Steps:
1. A defends a claim (strip ""no_evident_not_"" / ""have_evident_"" to see it).
2. B states a fact.
3. Does B disprove A's claim? Same specific issue only, not just same topic.

Output pattern (always use this exact shape):
A: <phrase>
B: <phrase>
Answer: Yes/No

Examples:

A: no_evident_not_easy_check-in
B: customer_wait_10_minute_for_greet
Answer: Yes

A: no_evident_not_easy_check-in
B: no_one_give_key_on_late_check-in
Answer: No

A: no_evident_not_great_quality
B: shampoo_seem_cheap_considering_hotel_cost
Answer: Yes

A: no_evident_not_great_quality
B: expensive_hotel
Answer: No

Now answer for this pair. Output ONLY the final line ""Answer: Yes"" or ""Answer: No"" — no other text.

A: no_evident_not_small_hotel_which_we_like
B: made_for_comfortable_stay
Answer:
","A: no_evident_not_small_hotel_which_we_like
B: made_for_comfortable_stay
Answer: Yes"
2026-08-16 22:10:42,1,26524,no_evident_not_neat_hotel,boutique_hotel,"Task: decide if Proposition B contradicts Assumption A.

Steps:
1. A defends a claim (strip ""no_evident_not_"" / ""have_evident_"" to see it).
2. B states a fact.
3. Does B disprove A's claim? Same specific issue only, not just same topic.

Output pattern (always use this exact shape):
A: <phrase>
B: <phrase>
Answer: Yes/No

Examples:

A: no_evident_not_easy_check-in
B: customer_wait_10_minute_for_greet
Answer: Yes

A: no_evident_not_easy_check-in
B: no_one_give_key_on_late_check-in
Answer: No

A: no_evident_not_great_quality
B: shampoo_seem_cheap_considering_hotel_cost
Answer: Yes

A: no_evident_not_great_quality
B: expensive_hotel
Answer: No

Now answer for this pair. Output ONLY the final line ""Answer: Yes"" or ""Answer: No"" — no other text.

A: no_evident_not_neat_hotel
B: boutique_hotel
Answer:
","A: no_evident_not_neat_hotel
B: boutique_hotel
Answer: No"
2026-08-16 22:10:42,1,28486,no_evident_not_excellent_option,offered_drink,"Task: decide if Proposition B contradicts Assumption A.

Steps:
1. A defends a claim (strip ""no_evident_not_"" / ""have_evident_"" to see it).
2. B states a fact.
3. Does B disprove A's claim? Same specific issue only, not just same topic.

Output pattern (always use this exact shape):
A: <phrase>
B: <phrase>
Answer: Yes/No

Examples:

A: no_evident_not_easy_check-in
B: customer_wait_10_minute_for_greet
Answer: Yes

A: no_evident_not_easy_check-in
B: no_one_give_key_on_late_check-in
Answer: No

A: no_evident_not_great_quality
B: shampoo_seem_cheap_considering_hotel_cost
Answer: Yes

A: no_evident_not_great_quality
B: expensive_hotel
Answer: No

Now answer for this pair. Output ONLY the final line ""Answer: Yes"" or ""Answer: No"" — no other text.

A: no_evident_not_excellent_option
B: offered_drink
Answer:
","A: no_evident_not_excellent_option
B: offered_drink
Answer: No"
2026-08-16 22:10:43,1,213,no_evident_not_comfortable_hotel,brand_new_facility,"Task: decide if Proposition B contradicts Assumption A.

Steps:
1. A defends a claim (strip ""no_evident_not_"" / ""have_evident_"" to see it).
2. B states a fact.
3. Does B disprove A's claim? Same specific issue only, not just same topic.

Output pattern (always use this exact shape):
A: <phrase>
B: <phrase>
Answer: Yes/No

Examples:

A: no_evident_not_easy_check-in
B: customer_wait_10_minute_for_greet
Answer: Yes

A: no_evident_not_easy_check-in
B: no_one_give_key_on_late_check-in
Answer: No

A: no_evident_not_great_quality
B: shampoo_seem_cheap_considering_hotel_cost
Answer: Yes

A: no_evident_not_great_quality
B: expensive_hotel
Answer: No

Now answer for this pair. Output ONLY the final line ""Answer: Yes"" or ""Answer: No"" — no other text.

A: no_evident_not_comfortable_hotel
B: brand_new_facility
Answer:
","A: no_evident_not_comfortable_hotel
B: brand_new_facility
Answer: No"
2026-08-16 22:10:43,1,24865,no_evident_not_cozy_terrace,simple_hotel,"Task: decide if Proposition B contradicts Assumption A.

Steps:
1. A defends a claim (strip ""no_evident_not_"" / ""have_evident_"" to see it).
2. B states a fact.
3. Does B disprove A's claim? Same specific issue only, not just same topic.

Output pattern (always use this exact shape):
A: <phrase>
B: <phrase>
Answer: Yes/No

Examples:

A: no_evident_not_easy_check-in
B: customer_wait_10_minute_for_greet
Answer: Yes

A: no_evident_not_easy_check-in
B: no_one_give_key_on_late_check-in
Answer: No

A: no_evident_not_great_quality
B: shampoo_seem_cheap_considering_hotel_cost
Answer: Yes

A: no_evident_not_great_quality
B: expensive_hotel
Answer: No

Now answer for this pair. Output ONLY the final line ""Answer: Yes"" or ""Answer: No"" — no other text.

A: no_evident_not_cozy_terrace
B: simple_hotel
Answer:
","A: no_evident_not_cozy_terrace
B: no_terrace
Answer: Yes"
2026-08-16 22:10:43,1,26406,no_evident_not_pleasant_terrace,pleasant_hotel,"Task: decide if Proposition B contradicts Assumption A.

Steps:
1. A defends a claim (strip ""no_evident_not_"" / ""have_evident_"" to see it).
2. B states a fact.
3. Does B disprove A's claim? Same specific issue only, not just same topic.

Output pattern (always use this exact shape):
A: <phrase>
B: <phrase>
Answer: Yes/No

Examples:

A: no_evident_not_easy_check-in
B: customer_wait_10_minute_for_greet
Answer: Yes

A: no_evident_not_easy_check-in
B: no_one_give_key_on_late_check-in
Answer: No

A: no_evident_not_great_quality
B: shampoo_seem_cheap_considering_hotel_cost
Answer: Yes

A: no_evident_not_great_quality
B: expensive_hotel
Answer: No

Now answer for this pair. Output ONLY the final line ""Answer: Yes"" or ""Answer: No"" — no other text.

A: no_evident_not_pleasant_terrace
B: pleasant_hotel
Answer:
","A: no_evident_not_pleasant_terrace
B: pleasant_hotel
Answer: No"
2026-08-16 22:10:43,1,5232,no_evident_not_everything_new,peaceful_facility,"Task: decide if Proposition B contradicts Assumption A.

Steps:
1. A defends a claim (strip ""no_evident_not_"" / ""have_evident_"" to see it).
2. B states a fact.
3. Does B disprove A's claim? Same specific issue only, not just same topic.

Output pattern (always use this exact shape):
A: <phrase>
B: <phrase>
Answer: Yes/No

Examples:

A: no_evident_not_easy_check-in
B: customer_wait_10_minute_for_greet
Answer: Yes

A: no_evident_not_easy_check-in
B: no_one_give_key_on_late_check-in
Answer: No

A: no_evident_not_great_quality
B: shampoo_seem_cheap_considering_hotel_cost
Answer: Yes

A: no_evident_not_great_quality
B: expensive_hotel
Answer: No

Now answer for this pair. Output ONLY the final line ""Answer: Yes"" or ""Answer: No"" — no other text.

A: no_evident_not_everything_new
B: peaceful_facility
Answer:
","A: no_evident_not_everything_new
B: peaceful_facility
Answer: No"
2026-08-16 22:10:44,1,22877,no_evident_not_many_free_parking_space_available_on_early_November,everywhere_spotless_clean,"Task: decide if Proposition B contradicts Assumption A.

Steps:
1. A defends a claim (strip ""no_evident_not_"" / ""have_evident_"" to see it).
2. B states a fact.
3. Does B disprove A's claim? Same specific issue only, not just same topic.

Output pattern (always use this exact shape):
A: <phrase>
B: <phrase>
Answer: Yes/No

Examples:

A: no_evident_not_easy_check-in
B: customer_wait_10_minute_for_greet
Answer: Yes

A: no_evident_not_easy_check-in
B: no_one_give_key_on_late_check-in
Answer: No

A: no_evident_not_great_quality
B: shampoo_seem_cheap_considering_hotel_cost
Answer: Yes

A: no_evident_not_great_quality
B: expensive_hotel
Answer: No

Now answer for this pair. Output ONLY the final line ""Answer: Yes"" or ""Answer: No"" — no other text.

A: no_evident_not_many_free_parking_space_available_on_early_November
B: everywhere_spotless_clean
Answer:
","A: no_evident_not_many_free_parking_space_available_on_early_November
B: everywhere_spotless_clean
Answer: No"
2026-08-16 22:10:44,1,13849,no_evident_not_good_wifi,free_parking_along_street,"Task: decide if Proposition B contradicts Assumption A.

Steps:
1. A defends a claim (strip ""no_evident_not_"" / ""have_evident_"" to see it).
2. B states a fact.
3. Does B disprove A's claim? Same specific issue only, not just same topic.

Output pattern (always use this exact shape):
A: <phrase>
B: <phrase>
Answer: Yes/No

Examples:

A: no_evident_not_easy_check-in
B: customer_wait_10_minute_for_greet
Answer: Yes

A: no_evident_not_easy_check-in
B: no_one_give_key_on_late_check-in
Answer: No

A: no_evident_not_great_quality
B: shampoo_seem_cheap_considering_hotel_cost
Answer: Yes

A: no_evident_not_great_quality
B: expensive_hotel
Answer: No

Now answer for this pair. Output ONLY the final line ""Answer: Yes"" or ""Answer: No"" — no other text.

A: no_evident_not_good_wifi
B: free_parking_along_street
Answer:
",Answer: No
2026-08-16 22:10:44,1,11150,no_evident_not_flexible_with_our_schedule,well_kept_hotel,"Task: decide if Proposition B contradicts Assumption A.

Steps:
1. A defends a claim (strip ""no_evident_not_"" / ""have_evident_"" to see it).
2. B states a fact.
3. Does B disprove A's claim? Same specific issue only, not just same topic.

Output pattern (always use this exact shape):
A: <phrase>
B: <phrase>
Answer: Yes/No

Examples:

A: no_evident_not_easy_check-in
B: customer_wait_10_minute_for_greet
Answer: Yes

A: no_evident_not_easy_check-in
B: no_one_give_key_on_late_check-in
Answer: No

A: no_evident_not_great_quality
B: shampoo_seem_cheap_considering_hotel_cost
Answer: Yes

A: no_evident_not_great_quality
B: expensive_hotel
Answer: No

Now answer for this pair. Output ONLY the final line ""Answer: Yes"" or ""Answer: No"" — no other text.

A: no_evident_not_flexible_with_our_schedule
B: well_kept_hotel
Answer:
","A: no_evident_not_flexible_with_our_schedule
B: well_kept_hotel
Answer: No"
2026-08-16 22:10:45,1,9106,no_evident_not_small_hotel_which_we_like,brand_new_furniture,"Task: decide if Proposition B contradicts Assumption A.

Steps:
1. A defends a claim (strip ""no_evident_not_"" / ""have_evident_"" to see it).
2. B states a fact.
3. Does B disprove A's claim? Same specific issue only, not just same topic.

Output pattern (always use this exact shape):
A: <phrase>
B: <phrase>
Answer: Yes/No

Examples:

A: no_evident_not_easy_check-in
B: customer_wait_10_minute_for_greet
Answer: Yes

A: no_evident_not_easy_check-in
B: no_one_give_key_on_late_check-in
Answer: No

A: no_evident_not_great_quality
B: shampoo_seem_cheap_considering_hotel_cost
Answer: Yes

A: no_evident_not_great_quality
B: expensive_hotel
Answer: No

Now answer for this pair. Output ONLY the final line ""Answer: Yes"" or ""Answer: No"" — no other text.

A: no_evident_not_small_hotel_which_we_like
B: brand_new_furniture
Answer:
","A: no_evident_not_small_hotel_which_we_like
B: brand_new_furniture
Answer: No"
2026-08-16 22:10:45,1,5095,no_evident_not_fantastic_hotel,brand_new_hotel,"Task: decide if Proposition B contradicts Assumption A.

Steps:
1. A defends a claim (strip ""no_evident_not_"" / ""have_evident_"" to see it).
2. B states a fact.
3. Does B disprove A's claim? Same specific issue only, not just same topic.

Output pattern (always use this exact shape):
A: <phrase>
B: <phrase>
Answer: Yes/No

Examples:

A: no_evident_not_easy_check-in
B: customer_wait_10_minute_for_greet
Answer: Yes

A: no_evident_not_easy_check-in
B: no_one_give_key_on_late_check-in
Answer: No

A: no_evident_not_great_quality
B: shampoo_seem_cheap_considering_hotel_cost
Answer: Yes

A: no_evident_not_great_quality
B: expensive_hotel
Answer: No

Now answer for this pair. Output ONLY the final line ""Answer: Yes"" or ""Answer: No"" — no other text.

A: no_evident_not_fantastic_hotel
B: brand_new_hotel
Answer:
","A: no_evident_not_fantastic_hotel
B: brand_new_hotel
Answer: No"
2026-08-16 22:10:45,1,7056,no_evident_not_great_hotel,perfect_hotel,"Task: decide if Proposition B contradicts Assumption A.

Steps:
1. A defends a claim (strip ""no_evident_not_"" / ""have_evident_"" to see it).
2. B states a fact.
3. Does B disprove A's claim? Same specific issue only, not just same topic.

Output pattern (always use this exact shape):
A: <phrase>
B: <phrase>
Answer: Yes/No

Examples:

A: no_evident_not_easy_check-in
B: customer_wait_10_minute_for_greet
Answer: Yes

A: no_evident_not_easy_check-in
B: no_one_give_key_on_late_check-in
Answer: No

A: no_evident_not_great_quality
B: shampoo_seem_cheap_considering_hotel_cost
Answer: Yes

A: no_evident_not_great_quality
B: expensive_hotel
Answer: No

Now answer for this pair. Output ONLY the final line ""Answer: Yes"" or ""Answer: No"" — no other text.

A: no_evident_not_great_hotel
B: perfect_hotel
Answer:
",Answer: Yes
2026-08-16 22:10:45,1,31366,no_evident_not_possible_with_animal,offered_drink,"Task: decide if Proposition B contradicts Assumption A.

Steps:
1. A defends a claim (strip ""no_evident_not_"" / ""have_evident_"" to see it).
2. B states a fact.
3. Does B disprove A's claim? Same specific issue only, not just same topic.

Output pattern (always use this exact shape):
A: <phrase>
B: <phrase>
Answer: Yes/No

Examples:

A: no_evident_not_easy_check-in
B: customer_wait_10_minute_for_greet
Answer: Yes

A: no_evident_not_easy_check-in
B: no_one_give_key_on_late_check-in
Answer: No

A: no_evident_not_great_quality
B: shampoo_seem_cheap_considering_hotel_cost
Answer: Yes

A: no_evident_not_great_quality
B: expensive_hotel
Answer: No

Now answer for this pair. Output ONLY the final line ""Answer: Yes"" or ""Answer: No"" — no other text.

A: no_evident_not_possible_with_animal
B: offered_drink
Answer:
",Answer: No
2026-08-16 22:10:45,1,25019,no_evident_not_cozy_terrace,compact_hotel,"Task: decide if Proposition B contradicts Assumption A.

Steps:
1. A defends a claim (strip ""no_evident_not_"" / ""have_evident_"" to see it).
2. B states a fact.
3. Does B disprove A's claim? Same specific issue only, not just same topic.

Output pattern (always use this exact shape):
A: <phrase>
B: <phrase>
Answer: Yes/No

Examples:

A: no_evident_not_easy_check-in
B: customer_wait_10_minute_for_greet
Answer: Yes

A: no_evident_not_easy_check-in
B: no_one_give_key_on_late_check-in
Answer: No

A: no_evident_not_great_quality
B: shampoo_seem_cheap_considering_hotel_cost
Answer: Yes

A: no_evident_not_great_quality
B: expensive_hotel
Answer: No

Now answer for this pair. Output ONLY the final line ""Answer: Yes"" or ""Answer: No"" — no other text.

A: no_evident_not_cozy_terrace
B: compact_hotel
Answer:
","A: no_evident_not_cozy_terrace
B: compact_hotel
Answer: Yes"
2026-08-16 22:10:46,1,11030,no_evident_not_flexible_with_our_schedule,happy_with_service,"Task: decide if Proposition B contradicts Assumption A.

Steps:
1. A defends a claim (strip ""no_evident_not_"" / ""have_evident_"" to see it).
2. B states a fact.
3. Does B disprove A's claim? Same specific issue only, not just same topic.

Output pattern (always use this exact shape):
A: <phrase>
B: <phrase>
Answer: Yes/No

Examples:

A: no_evident_not_easy_check-in
B: customer_wait_10_minute_for_greet
Answer: Yes

A: no_evident_not_easy_check-in
B: no_one_give_key_on_late_check-in
Answer: No

A: no_evident_not_great_quality
B: shampoo_seem_cheap_considering_hotel_cost
Answer: Yes

A: no_evident_not_great_quality
B: expensive_hotel
Answer: No

Now answer for this pair. Output ONLY the final line ""Answer: Yes"" or ""Answer: No"" — no other text.

A: no_evident_not_flexible_with_our_schedule
B: happy_with_service
Answer:
",Answer: No
2026-08-16 22:10:46,1,3350,no_evident_not_lovely_little_hotel,5*_facility,"Task: decide if Proposition B contradicts Assumption A.

Steps:
1. A defends a claim (strip ""no_evident_not_"" / ""have_evident_"" to see it).
2. B states a fact.
3. Does B disprove A's claim? Same specific issue only, not just same topic.

Output pattern (always use this exact shape):
A: <phrase>
B: <phrase>
Answer: Yes/No

Examples:

A: no_evident_not_easy_check-in
B: customer_wait_10_minute_for_greet
Answer: Yes

A: no_evident_not_easy_check-in
B: no_one_give_key_on_late_check-in
Answer: No

A: no_evident_not_great_quality
B: shampoo_seem_cheap_considering_hotel_cost
Answer: Yes

A: no_evident_not_great_quality
B: expensive_hotel
Answer: No

Now answer for this pair. Output ONLY the final line ""Answer: Yes"" or ""Answer: No"" — no other text.

A: no_evident_not_lovely_little_hotel
B: 5*_facility
Answer:
","A: no_evident_not_lovely_little_hotel
B: 5_star_facility
Answer: Yes"
2026-08-16 22:10:46,1,3040,no_evident_not_everywhere_spotless_clean,clean_street_terrace,"Task: decide if Proposition B contradicts Assumption A.

Steps:
1. A defends a claim (strip ""no_evident_not_"" / ""have_evident_"" to see it).
2. B states a fact.
3. Does B disprove A's claim? Same specific issue only, not just same topic.

Output pattern (always use this exact shape):
A: <phrase>
B: <phrase>
Answer: Yes/No

Examples:

A: no_evident_not_easy_check-in
B: customer_wait_10_minute_for_greet
Answer: Yes

A: no_evident_not_easy_check-in
B: no_one_give_key_on_late_check-in
Answer: No

A: no_evident_not_great_quality
B: shampoo_seem_cheap_considering_hotel_cost
Answer: Yes

A: no_evident_not_great_quality
B: expensive_hotel
Answer: No

Now answer for this pair. Output ONLY the final line ""Answer: Yes"" or ""Answer: No"" — no other text.

A: no_evident_not_everywhere_spotless_clean
B: clean_street_terrace
Answer:
",Answer: No
2026-08-16 22:10:46,1,12450,no_evident_not_Christmas_vibe_hotel,everything_new,"Task: decide if Proposition B contradicts Assumption A.

Steps:
1. A defends a claim (strip ""no_evident_not_"" / ""have_evident_"" to see it).
2. B states a fact.
3. Does B disprove A's claim? Same specific issue only, not just same topic.

Output pattern (always use this exact shape):
A: <phrase>
B: <phrase>
Answer: Yes/No

Examples:

A: no_evident_not_easy_check-in
B: customer_wait_10_minute_for_greet
Answer: Yes

A: no_evident_not_easy_check-in
B: no_one_give_key_on_late_check-in
Answer: No

A: no_evident_not_great_quality
B: shampoo_seem_cheap_considering_hotel_cost
Answer: Yes

A: no_evident_not_great_quality
B: expensive_hotel
Answer: No

Now answer for this pair. Output ONLY the final line ""Answer: Yes"" or ""Answer: No"" — no other text.

A: no_evident_not_Christmas_vibe_hotel
B: everything_new
Answer:
","A: no_evident_not_Christmas_vibe_hotel
B: everything_new
Answer: No"
2026-08-16 22:10:47,1,3170,no_evident_not_has_plenty_of_chair,5*_facility,"Task: decide if Proposition B contradicts Assumption A.

Steps:
1. A defends a claim (strip ""no_evident_not_"" / ""have_evident_"" to see it).
2. B states a fact.
3. Does B disprove A's claim? Same specific issue only, not just same topic.

Output pattern (always use this exact shape):
A: <phrase>
B: <phrase>
Answer: Yes/No

Examples:

A: no_evident_not_easy_check-in
B: customer_wait_10_minute_for_greet
Answer: Yes

A: no_evident_not_easy_check-in
B: no_one_give_key_on_late_check-in
Answer: No

A: no_evident_not_great_quality
B: shampoo_seem_cheap_considering_hotel_cost
Answer: Yes

A: no_evident_not_great_quality
B: expensive_hotel
Answer: No

Now answer for this pair. Output ONLY the final line ""Answer: Yes"" or ""Answer: No"" — no other text.

A: no_evident_not_has_plenty_of_chair
B: 5*_facility
Answer:
","A: no_evident_not_has_plenty_of_chair
B: 5*_facility
Answer: Yes"
2026-08-16 22:10:47,1,11764,no_evident_not_clean_boutique_hotel,boutique_hotel,"Task: decide if Proposition B contradicts Assumption A.

Steps:
1. A defends a claim (strip ""no_evident_not_"" / ""have_evident_"" to see it).
2. B states a fact.
3. Does B disprove A's claim? Same specific issue only, not just same topic.

Output pattern (always use this exact shape):
A: <phrase>
B: <phrase>
Answer: Yes/No

Examples:

A: no_evident_not_easy_check-in
B: customer_wait_10_minute_for_greet
Answer: Yes

A: no_evident_not_easy_check-in
B: no_one_give_key_on_late_check-in
Answer: No

A: no_evident_not_great_quality
B: shampoo_seem_cheap_considering_hotel_cost
Answer: Yes

A: no_evident_not_great_quality
B: expensive_hotel
Answer: No

Now answer for this pair. Output ONLY the final line ""Answer: Yes"" or ""Answer: No"" — no other text.

A: no_evident_not_clean_boutique_hotel
B: boutique_hotel
Answer:
","A: no_evident_not_clean_boutique_hotel
B: boutique_hotel
Answer: No"
2026-08-16 22:10:47,1,27771,no_evident_not_brilliant_hotel,small_hotel_which_we_like,"Task: decide if Proposition B contradicts Assumption A.

Steps:
1. A defends a claim (strip ""no_evident_not_"" / ""have_evident_"" to see it).
2. B states a fact.
3. Does B disprove A's claim? Same specific issue only, not just same topic.

Output pattern (always use this exact shape):
A: <phrase>
B: <phrase>
Answer: Yes/No

Examples:

A: no_evident_not_easy_check-in
B: customer_wait_10_minute_for_greet
Answer: Yes

A: no_evident_not_easy_check-in
B: no_one_give_key_on_late_check-in
Answer: No

A: no_evident_not_great_quality
B: shampoo_seem_cheap_considering_hotel_cost
Answer: Yes

A: no_evident_not_great_quality
B: expensive_hotel
Answer: No

Now answer for this pair. Output ONLY the final line ""Answer: Yes"" or ""Answer: No"" — no other text.

A: no_evident_not_brilliant_hotel
B: small_hotel_which_we_like
Answer:
","A: no_evident_not_brilliant_hotel
B: small_hotel_which_we_like
Answer: No"
2026-08-16 22:10:48,1,11271,no_evident_not_allow_to_take_dog,wonderful_hotel,"Task: decide if Proposition B contradicts Assumption A.

Steps:
1. A defends a claim (strip ""no_evident_not_"" / ""have_evident_"" to see it).
2. B states a fact.
3. Does B disprove A's claim? Same specific issue only, not just same topic.

Output pattern (always use this exact shape):
A: <phrase>
B: <phrase>
Answer: Yes/No

Examples:

A: no_evident_not_easy_check-in
B: customer_wait_10_minute_for_greet
Answer: Yes

A: no_evident_not_easy_check-in
B: no_one_give_key_on_late_check-in
Answer: No

A: no_evident_not_great_quality
B: shampoo_seem_cheap_considering_hotel_cost
Answer: Yes

A: no_evident_not_great_quality
B: expensive_hotel
Answer: No

Now answer for this pair. Output ONLY the final line ""Answer: Yes"" or ""Answer: No"" — no other text.

A: no_evident_not_allow_to_take_dog
B: wonderful_hotel
Answer:
","A: no_evident_not_allow_to_take_dog
B: allow_dog_in_room
Answer: Yes"
2026-08-16 22:10:48,1,19783,no_evident_not_5*_facility,comfortable_hall,"Task: decide if Proposition B contradicts Assumption A.

Steps:
1. A defends a claim (strip ""no_evident_not_"" / ""have_evident_"" to see it).
2. B states a fact.
3. Does B disprove A's claim? Same specific issue only, not just same topic.

Output pattern (always use this exact shape):
A: <phrase>
B: <phrase>
Answer: Yes/No

Examples:

A: no_evident_not_easy_check-in
B: customer_wait_10_minute_for_greet
Answer: Yes

A: no_evident_not_easy_check-in
B: no_one_give_key_on_late_check-in
Answer: No

A: no_evident_not_great_quality
B: shampoo_seem_cheap_considering_hotel_cost
Answer: Yes

A: no_evident_not_great_quality
B: expensive_hotel
Answer: No

Now answer for this pair. Output ONLY the final line ""Answer: Yes"" or ""Answer: No"" — no other text.

A: no_evident_not_5*_facility
B: comfortable_hall
Answer:
","A: no_evident_not_5*_facility
B: comfortable_hall
Answer: No"
2026-08-16 22:10:48,1,8668,no_evident_not_beautifully_kept_hotel,beautiful_inside,"Task: decide if Proposition B contradicts Assumption A.

Steps:
1. A defends a claim (strip ""no_evident_not_"" / ""have_evident_"" to see it).
2. B states a fact.
3. Does B disprove A's claim? Same specific issue only, not just same topic.

Output pattern (always use this exact shape):
A: <phrase>
B: <phrase>
Answer: Yes/No

Examples:

A: no_evident_not_easy_check-in
B: customer_wait_10_minute_for_greet
Answer: Yes

A: no_evident_not_easy_check-in
B: no_one_give_key_on_late_check-in
Answer: No

A: no_evident_not_great_quality
B: shampoo_seem_cheap_considering_hotel_cost
Answer: Yes

A: no_evident_not_great_quality
B: expensive_hotel
Answer: No

Now answer for this pair. Output ONLY the final line ""Answer: Yes"" or ""Answer: No"" — no other text.

A: no_evident_not_beautifully_kept_hotel
B: beautiful_inside
Answer:
","A: no_evident_not_beautifully_kept_hotel
B: beautiful_inside
Answer: No"
2026-08-16 22:10:49,1,26448,no_evident_not_pleasant_terrace,free_parking_in_front_of_hotel,"Task: decide if Proposition B contradicts Assumption A.

Steps:
1. A defends a claim (strip ""no_evident_not_"" / ""have_evident_"" to see it).
2. B states a fact.
3. Does B disprove A's claim? Same specific issue only, not just same topic.

Output pattern (always use this exact shape):
A: <phrase>
B: <phrase>
Answer: Yes/No

Examples:

A: no_evident_not_easy_check-in
B: customer_wait_10_minute_for_greet
Answer: Yes

A: no_evident_not_easy_check-in
B: no_one_give_key_on_late_check-in
Answer: No

A: no_evident_not_great_quality
B: shampoo_seem_cheap_considering_hotel_cost
Answer: Yes

A: no_evident_not_great_quality
B: expensive_hotel
Answer: No

Now answer for this pair. Output ONLY the final line ""Answer: Yes"" or ""Answer: No"" — no other text.

A: no_evident_not_pleasant_terrace
B: free_parking_in_front_of_hotel
Answer:
","A: no_evident_not_pleasant_terrace
B: free_parking_in_front_of_hotel
Answer: No"
2026-08-16 22:10:49,1,1424,no_evident_not_high_standard_renovated,clean_lobby,"Task: decide if Proposition B contradicts Assumption A.

Steps:
1. A defends a claim (strip ""no_evident_not_"" / ""have_evident_"" to see it).
2. B states a fact.
3. Does B disprove A's claim? Same specific issue only, not just same topic.

Output pattern (always use this exact shape):
A: <phrase>
B: <phrase>
Answer: Yes/No

Examples:

A: no_evident_not_easy_check-in
B: customer_wait_10_minute_for_greet
Answer: Yes

A: no_evident_not_easy_check-in
B: no_one_give_key_on_late_check-in
Answer: No

A: no_evident_not_great_quality
B: shampoo_seem_cheap_considering_hotel_cost
Answer: Yes

A: no_evident_not_great_quality
B: expensive_hotel
Answer: No

Now answer for this pair. Output ONLY the final line ""Answer: Yes"" or ""Answer: No"" — no other text.

A: no_evident_not_high_standard_renovated
B: clean_lobby
Answer:
","A: no_evident_not_high_standard_renovated
B: clean_lobby
Answer: No"
2026-08-16 22:10:49,1,23912,no_evident_not_new_reception,interesting_service,"Task: decide if Proposition B contradicts Assumption A.

Steps:
1. A defends a claim (strip ""no_evident_not_"" / ""have_evident_"" to see it).
2. B states a fact.
3. Does B disprove A's claim? Same specific issue only, not just same topic.

Output pattern (always use this exact shape):
A: <phrase>
B: <phrase>
Answer: Yes/No

Examples:

A: no_evident_not_easy_check-in
B: customer_wait_10_minute_for_greet
Answer: Yes

A: no_evident_not_easy_check-in
B: no_one_give_key_on_late_check-in
Answer: No

A: no_evident_not_great_quality
B: shampoo_seem_cheap_considering_hotel_cost
Answer: Yes

A: no_evident_not_great_quality
B: expensive_hotel
Answer: No

Now answer for this pair. Output ONLY the final line ""Answer: Yes"" or ""Answer: No"" — no other text.

A: no_evident_not_new_reception
B: interesting_service
Answer:
","A: no_evident_not_new_reception
B: receptionist_use_old_software
Answer: Yes"
2026-08-16 22:10:50,1,15055,no_evident_not_friendly_atmosphere,pet_friendly,"Task: decide if Proposition B contradicts Assumption A.

Steps:
1. A defends a claim (strip ""no_evident_not_"" / ""have_evident_"" to see it).
2. B states a fact.
3. Does B disprove A's claim? Same specific issue only, not just same topic.

Output pattern (always use this exact shape):
A: <phrase>
B: <phrase>
Answer: Yes/No

Examples:

A: no_evident_not_easy_check-in
B: customer_wait_10_minute_for_greet
Answer: Yes

A: no_evident_not_easy_check-in
B: no_one_give_key_on_late_check-in
Answer: No

A: no_evident_not_great_quality
B: shampoo_seem_cheap_considering_hotel_cost
Answer: Yes

A: no_evident_not_great_quality
B: expensive_hotel
Answer: No

Now answer for this pair. Output ONLY the final line ""Answer: Yes"" or ""Answer: No"" — no other text.

A: no_evident_not_friendly_atmosphere
B: pet_friendly
Answer:
",Answer: No
2026-08-16 22:10:50,1,17572,no_evident_not_easy_hotel,exceeded_expectation_hotel,"Task: decide if Proposition B contradicts Assumption A.

Steps:
1. A defends a claim (strip ""no_evident_not_"" / ""have_evident_"" to see it).
2. B states a fact.
3. Does B disprove A's claim? Same specific issue only, not just same topic.

Output pattern (always use this exact shape):
A: <phrase>
B: <phrase>
Answer: Yes/No

Examples:

A: no_evident_not_easy_check-in
B: customer_wait_10_minute_for_greet
Answer: Yes

A: no_evident_not_easy_check-in
B: no_one_give_key_on_late_check-in
Answer: No

A: no_evident_not_great_quality
B: shampoo_seem_cheap_considering_hotel_cost
Answer: Yes

A: no_evident_not_great_quality
B: expensive_hotel
Answer: No

Now answer for this pair. Output ONLY the final line ""Answer: Yes"" or ""Answer: No"" — no other text.

A: no_evident_not_easy_hotel
B: exceeded_expectation_hotel
Answer:
",Answer: Yes
2026-08-16 22:10:50,1,4091,no_evident_not_refurbished_hotel,furnished_hotel,"Task: decide if Proposition B contradicts Assumption A.

Steps:
1. A defends a claim (strip ""no_evident_not_"" / ""have_evident_"" to see it).
2. B states a fact.
3. Does B disprove A's claim? Same specific issue only, not just same topic.

Output pattern (always use this exact shape):
A: <phrase>
B: <phrase>
Answer: Yes/No

Examples:

A: no_evident_not_easy_check-in
B: customer_wait_10_minute_for_greet
Answer: Yes

A: no_evident_not_easy_check-in
B: no_one_give_key_on_late_check-in
Answer: No

A: no_evident_not_great_quality
B: shampoo_seem_cheap_considering_hotel_cost
Answer: Yes

A: no_evident_not_great_quality
B: expensive_hotel
Answer: No

Now answer for this pair. Output ONLY the final line ""Answer: Yes"" or ""Answer: No"" — no other text.

A: no_evident_not_refurbished_hotel
B: furnished_hotel
Answer:
","A: no_evident_not_refurbished_hotel
B: furnished_hotel
Answer: No"
2026-08-16 22:10:50,1,31888,no_evident_not_suitable_for_overnight_stay,beautiful_inside,"Task: decide if Proposition B contradicts Assumption A.

Steps:
1. A defends a claim (strip ""no_evident_not_"" / ""have_evident_"" to see it).
2. B states a fact.
3. Does B disprove A's claim? Same specific issue only, not just same topic.

Output pattern (always use this exact shape):
A: <phrase>
B: <phrase>
Answer: Yes/No

Examples:

A: no_evident_not_easy_check-in
B: customer_wait_10_minute_for_greet
Answer: Yes

A: no_evident_not_easy_check-in
B: no_one_give_key_on_late_check-in
Answer: No

A: no_evident_not_great_quality
B: shampoo_seem_cheap_considering_hotel_cost
Answer: Yes

A: no_evident_not_great_quality
B: expensive_hotel
Answer: No

Now answer for this pair. Output ONLY the final line ""Answer: Yes"" or ""Answer: No"" — no other text.

A: no_evident_not_suitable_for_overnight_stay
B: beautiful_inside
Answer:
","A: no_evident_not_suitable_for_overnight_stay
B: beautiful_inside
Answer: No"
2026-08-16 22:10:51,1,30222,no_evident_not_free_parking_in_front_of_hotel,clean_hall,"Task: decide if Proposition B contradicts Assumption A.

Steps:
1. A defends a claim (strip ""no_evident_not_"" / ""have_evident_"" to see it).
2. B states a fact.
3. Does B disprove A's claim? Same specific issue only, not just same topic.

Output pattern (always use this exact shape):
A: <phrase>
B: <phrase>
Answer: Yes/No

Examples:

A: no_evident_not_easy_check-in
B: customer_wait_10_minute_for_greet
Answer: Yes

A: no_evident_not_easy_check-in
B: no_one_give_key_on_late_check-in
Answer: No

A: no_evident_not_great_quality
B: shampoo_seem_cheap_considering_hotel_cost
Answer: Yes

A: no_evident_not_great_quality
B: expensive_hotel
Answer: No

Now answer for this pair. Output ONLY the final line ""Answer: Yes"" or ""Answer: No"" — no other text.

A: no_evident_not_free_parking_in_front_of_hotel
B: clean_hall
Answer:
","A: no_evident_not_free_parking_in_front_of_hotel
B: clean_hall
Answer: No"
2026-08-16 22:10:51,1,12404,no_evident_not_feel_like_home_atmosphere,clean_lobby,"Task: decide if Proposition B contradicts Assumption A.

Steps:
1. A defends a claim (strip ""no_evident_not_"" / ""have_evident_"" to see it).
2. B states a fact.
3. Does B disprove A's claim? Same specific issue only, not just same topic.

Output pattern (always use this exact shape):
A: <phrase>
B: <phrase>
Answer: Yes/No

Examples:

A: no_evident_not_easy_check-in
B: customer_wait_10_minute_for_greet
Answer: Yes

A: no_evident_not_easy_check-in
B: no_one_give_key_on_late_check-in
Answer: No

A: no_evident_not_great_quality
B: shampoo_seem_cheap_considering_hotel_cost
Answer: Yes

A: no_evident_not_great_quality
B: expensive_hotel
Answer: No

Now answer for this pair. Output ONLY the final line ""Answer: Yes"" or ""Answer: No"" — no other text.

A: no_evident_not_feel_like_home_atmosphere
B: clean_lobby
Answer:
","A: no_evident_not_feel_like_home_atmosphere
B: clean_lobby
Answer: No"
2026-08-16 22:10:51,1,2583,no_evident_not_everything_clean,allow_to_take_dog,"Task: decide if Proposition B contradicts Assumption A.

Steps:
1. A defends a claim (strip ""no_evident_not_"" / ""have_evident_"" to see it).
2. B states a fact.
3. Does B disprove A's claim? Same specific issue only, not just same topic.

Output pattern (always use this exact shape):
A: <phrase>
B: <phrase>
Answer: Yes/No

Examples:

A: no_evident_not_easy_check-in
B: customer_wait_10_minute_for_greet
Answer: Yes

A: no_evident_not_easy_check-in
B: no_one_give_key_on_late_check-in
Answer: No

A: no_evident_not_great_quality
B: shampoo_seem_cheap_considering_hotel_cost
Answer: Yes

A: no_evident_not_great_quality
B: expensive_hotel
Answer: No

Now answer for this pair. Output ONLY the final line ""Answer: Yes"" or ""Answer: No"" — no other text.

A: no_evident_not_everything_clean
B: allow_to_take_dog
Answer:
","A: no_evident_not_everything_clean
B: allow_to_take_dog
Answer: No"
2026-08-16 22:10:52,1,18090,no_evident_not_clear_interior,clear_decoration,"Task: decide if Proposition B contradicts Assumption A.

Steps:
1. A defends a claim (strip ""no_evident_not_"" / ""have_evident_"" to see it).
2. B states a fact.
3. Does B disprove A's claim? Same specific issue only, not just same topic.

Output pattern (always use this exact shape):
A: <phrase>
B: <phrase>
Answer: Yes/No

Examples:

A: no_evident_not_easy_check-in
B: customer_wait_10_minute_for_greet
Answer: Yes

A: no_evident_not_easy_check-in
B: no_one_give_key_on_late_check-in
Answer: No

A: no_evident_not_great_quality
B: shampoo_seem_cheap_considering_hotel_cost
Answer: Yes

A: no_evident_not_great_quality
B: expensive_hotel
Answer: No

Now answer for this pair. Output ONLY the final line ""Answer: Yes"" or ""Answer: No"" — no other text.

A: no_evident_not_clear_interior
B: clear_decoration
Answer:
","A: no_evident_not_clear_interior
B: clear_decoration
Answer: No"
2026-08-16 22:10:52,1,9607,no_evident_not_comfortable_lobby,everything_great,"Task: decide if Proposition B contradicts Assumption A.

Steps:
1. A defends a claim (strip ""no_evident_not_"" / ""have_evident_"" to see it).
2. B states a fact.
3. Does B disprove A's claim? Same specific issue only, not just same topic.

Output pattern (always use this exact shape):
A: <phrase>
B: <phrase>
Answer: Yes/No

Examples:

A: no_evident_not_easy_check-in
B: customer_wait_10_minute_for_greet
Answer: Yes

A: no_evident_not_easy_check-in
B: no_one_give_key_on_late_check-in
Answer: No

A: no_evident_not_great_quality
B: shampoo_seem_cheap_considering_hotel_cost
Answer: Yes

A: no_evident_not_great_quality
B: expensive_hotel
Answer: No

Now answer for this pair. Output ONLY the final line ""Answer: Yes"" or ""Answer: No"" — no other text.

A: no_evident_not_comfortable_lobby
B: everything_great
Answer:
","A: no_evident_not_comfortable_lobby
B: everything_great
Answer: No"
2026-08-16 22:10:52,1,27178,no_evident_not_innovative_hotel,suitable_for_overnight_stay,"Task: decide if Proposition B contradicts Assumption A.

Steps:
1. A defends a claim (strip ""no_evident_not_"" / ""have_evident_"" to see it).
2. B states a fact.
3. Does B disprove A's claim? Same specific issue only, not just same topic.

Output pattern (always use this exact shape):
A: <phrase>
B: <phrase>
Answer: Yes/No

Examples:

A: no_evident_not_easy_check-in
B: customer_wait_10_minute_for_greet
Answer: Yes

A: no_evident_not_easy_check-in
B: no_one_give_key_on_late_check-in
Answer: No

A: no_evident_not_great_quality
B: shampoo_seem_cheap_considering_hotel_cost
Answer: Yes

A: no_evident_not_great_quality
B: expensive_hotel
Answer: No

Now answer for this pair. Output ONLY the final line ""Answer: Yes"" or ""Answer: No"" — no other text.

A: no_evident_not_innovative_hotel
B: suitable_for_overnight_stay
Answer:
","A: no_evident_not_innovative_hotel
B: suitable_for_overnight_stay
Answer: No"
2026-08-16 22:10:53,1,20600,no_evident_not_pet_friendly,all_you_need_for_great_holiday,"Task: decide if Proposition B contradicts Assumption A.

Steps:
1. A defends a claim (strip ""no_evident_not_"" / ""have_evident_"" to see it).
2. B states a fact.
3. Does B disprove A's claim? Same specific issue only, not just same topic.

Output pattern (always use this exact shape):
A: <phrase>
B: <phrase>
Answer: Yes/No

Examples:

A: no_evident_not_easy_check-in
B: customer_wait_10_minute_for_greet
Answer: Yes

A: no_evident_not_easy_check-in
B: no_one_give_key_on_late_check-in
Answer: No

A: no_evident_not_great_quality
B: shampoo_seem_cheap_considering_hotel_cost
Answer: Yes

A: no_evident_not_great_quality
B: expensive_hotel
Answer: No

Now answer for this pair. Output ONLY the final line ""Answer: Yes"" or ""Answer: No"" — no other text.

A: no_evident_not_pet_friendly
B: all_you_need_for_great_holiday
Answer:
","A: no_evident_not_pet_friendly
B: all_you_need_for_great_holiday
Answer: Yes"
2026-08-16 22:10:53,1,20268,no_evident_not_nice_front_of_hotel,recently_renovated_hotel,"Task: decide if Proposition B contradicts Assumption A.

Steps:
1. A defends a claim (strip ""no_evident_not_"" / ""have_evident_"" to see it).
2. B states a fact.
3. Does B disprove A's claim? Same specific issue only, not just same topic.

Output pattern (always use this exact shape):
A: <phrase>
B: <phrase>
Answer: Yes/No

Examples:

A: no_evident_not_easy_check-in
B: customer_wait_10_minute_for_greet
Answer: Yes

A: no_evident_not_easy_check-in
B: no_one_give_key_on_late_check-in
Answer: No

A: no_evident_not_great_quality
B: shampoo_seem_cheap_considering_hotel_cost
Answer: Yes

A: no_evident_not_great_quality
B: expensive_hotel
Answer: No

Now answer for this pair. Output ONLY the final line ""Answer: Yes"" or ""Answer: No"" — no other text.

A: no_evident_not_nice_front_of_hotel
B: recently_renovated_hotel
Answer:
","A: no_evident_not_nice_front_of_hotel
B: recently_renovated_hotel
Answer: No"
2026-08-16 22:10:53,1,29015,no_evident_not_clean_hall,fantastic_service,"Task: decide if Proposition B contradicts Assumption A.

Steps:
1. A defends a claim (strip ""no_evident_not_"" / ""have_evident_"" to see it).
2. B states a fact.
3. Does B disprove A's claim? Same specific issue only, not just same topic.

Output pattern (always use this exact shape):
A: <phrase>
B: <phrase>
Answer: Yes/No

Examples:

A: no_evident_not_easy_check-in
B: customer_wait_10_minute_for_greet
Answer: Yes

A: no_evident_not_easy_check-in
B: no_one_give_key_on_late_check-in
Answer: No

A: no_evident_not_great_quality
B: shampoo_seem_cheap_considering_hotel_cost
Answer: Yes

A: no_evident_not_great_quality
B: expensive_hotel
Answer: No

Now answer for this pair. Output ONLY the final line ""Answer: Yes"" or ""Answer: No"" — no other text.

A: no_evident_not_clean_hall
B: fantastic_service
Answer:
",Answer: No
2026-08-16 22:10:53,1,28237,no_evident_not_welcoming_environment,welcoming_environment,"Task: decide if Proposition B contradicts Assumption A.

Steps:
1. A defends a claim (strip ""no_evident_not_"" / ""have_evident_"" to see it).
2. B states a fact.
3. Does B disprove A's claim? Same specific issue only, not just same topic.

Output pattern (always use this exact shape):
A: <phrase>
B: <phrase>
Answer: Yes/No

Examples:

A: no_evident_not_easy_check-in
B: customer_wait_10_minute_for_greet
Answer: Yes

A: no_evident_not_easy_check-in
B: no_one_give_key_on_late_check-in
Answer: No

A: no_evident_not_great_quality
B: shampoo_seem_cheap_considering_hotel_cost
Answer: Yes

A: no_evident_not_great_quality
B: expensive_hotel
Answer: No

Now answer for this pair. Output ONLY the final line ""Answer: Yes"" or ""Answer: No"" — no other text.

A: no_evident_not_welcoming_environment
B: welcoming_environment
Answer:
",Answer: No
2026-08-16 22:10:53,1,11851,no_evident_not_clean_boutique_hotel,innovative_hotel,"Task: decide if Proposition B contradicts Assumption A.

Steps:
1. A defends a claim (strip ""no_evident_not_"" / ""have_evident_"" to see it).
2. B states a fact.
3. Does B disprove A's claim? Same specific issue only, not just same topic.

Output pattern (always use this exact shape):
A: <phrase>
B: <phrase>
Answer: Yes/No

Examples:

A: no_evident_not_easy_check-in
B: customer_wait_10_minute_for_greet
Answer: Yes

A: no_evident_not_easy_check-in
B: no_one_give_key_on_late_check-in
Answer: No

A: no_evident_not_great_quality
B: shampoo_seem_cheap_considering_hotel_cost
Answer: Yes

A: no_evident_not_great_quality
B: expensive_hotel
Answer: No

Now answer for this pair. Output ONLY the final line ""Answer: Yes"" or ""Answer: No"" — no other text.

A: no_evident_not_clean_boutique_hotel
B: innovative_hotel
Answer:
","A: no_evident_not_clean_boutique_hotel
B: innovative_hotel
Answer: No"
2026-08-16 22:10:54,1,18919,no_evident_not_brand_new_furniture,lovely_little_hotel,"Task: decide if Proposition B contradicts Assumption A.

Steps:
1. A defends a claim (strip ""no_evident_not_"" / ""have_evident_"" to see it).
2. B states a fact.
3. Does B disprove A's claim? Same specific issue only, not just same topic.

Output pattern (always use this exact shape):
A: <phrase>
B: <phrase>
Answer: Yes/No

Examples:

A: no_evident_not_easy_check-in
B: customer_wait_10_minute_for_greet
Answer: Yes

A: no_evident_not_easy_check-in
B: no_one_give_key_on_late_check-in
Answer: No

A: no_evident_not_great_quality
B: shampoo_seem_cheap_considering_hotel_cost
Answer: Yes

A: no_evident_not_great_quality
B: expensive_hotel
Answer: No

Now answer for this pair. Output ONLY the final line ""Answer: Yes"" or ""Answer: No"" — no other text.

A: no_evident_not_brand_new_furniture
B: lovely_little_hotel
Answer:
","A: no_evident_not_brand_new_furniture
B: lovely_little_hotel
Answer: Yes"
2026-08-16 22:10:54,1,6301,no_evident_not_perfect_hotel,new_hotel,"Task: decide if Proposition B contradicts Assumption A.

Steps:
1. A defends a claim (strip ""no_evident_not_"" / ""have_evident_"" to see it).
2. B states a fact.
3. Does B disprove A's claim? Same specific issue only, not just same topic.

Output pattern (always use this exact shape):
A: <phrase>
B: <phrase>
Answer: Yes/No

Examples:

A: no_evident_not_easy_check-in
B: customer_wait_10_minute_for_greet
Answer: Yes

A: no_evident_not_easy_check-in
B: no_one_give_key_on_late_check-in
Answer: No

A: no_evident_not_great_quality
B: shampoo_seem_cheap_considering_hotel_cost
Answer: Yes

A: no_evident_not_great_quality
B: expensive_hotel
Answer: No

Now answer for this pair. Output ONLY the final line ""Answer: Yes"" or ""Answer: No"" — no other text.

A: no_evident_not_perfect_hotel
B: new_hotel
Answer:
","A: no_evident_not_perfect_hotel
B: new_hotel
Answer: No"
2026-08-16 22:10:54,1,23088,no_evident_not_open_air_car_park,fresh_hotel,"Task: decide if Proposition B contradicts Assumption A.

Steps:
1. A defends a claim (strip ""no_evident_not_"" / ""have_evident_"" to see it).
2. B states a fact.
3. Does B disprove A's claim? Same specific issue only, not just same topic.

Output pattern (always use this exact shape):
A: <phrase>
B: <phrase>
Answer: Yes/No

Examples:

A: no_evident_not_easy_check-in
B: customer_wait_10_minute_for_greet
Answer: Yes

A: no_evident_not_easy_check-in
B: no_one_give_key_on_late_check-in
Answer: No

A: no_evident_not_great_quality
B: shampoo_seem_cheap_considering_hotel_cost
Answer: Yes

A: no_evident_not_great_quality
B: expensive_hotel
Answer: No

Now answer for this pair. Output ONLY the final line ""Answer: Yes"" or ""Answer: No"" — no other text.

A: no_evident_not_open_air_car_park
B: fresh_hotel
Answer:
","A: no_evident_not_open_air_car_park
B: no_car_park
Answer: Yes"
2026-08-16 22:10:55,1,2280,no_evident_not_clean_hotel,light_hotel,"Task: decide if Proposition B contradicts Assumption A.

Steps:
1. A defends a claim (strip ""no_evident_not_"" / ""have_evident_"" to see it).
2. B states a fact.
3. Does B disprove A's claim? Same specific issue only, not just same topic.

Output pattern (always use this exact shape):
A: <phrase>
B: <phrase>
Answer: Yes/No

Examples:

A: no_evident_not_easy_check-in
B: customer_wait_10_minute_for_greet
Answer: Yes

A: no_evident_not_easy_check-in
B: no_one_give_key_on_late_check-in
Answer: No

A: no_evident_not_great_quality
B: shampoo_seem_cheap_considering_hotel_cost
Answer: Yes

A: no_evident_not_great_quality
B: expensive_hotel
Answer: No

Now answer for this pair. Output ONLY the final line ""Answer: Yes"" or ""Answer: No"" — no other text.

A: no_evident_not_clean_hotel
B: light_hotel
Answer:
","A: no_evident_not_clean_hotel
B: light_hotel
Answer: No"
2026-08-16 22:10:55,1,1502,no_evident_not_up_to_4*_standard,flexible_with_our_schedule,"Task: decide if Proposition B contradicts Assumption A.

Steps:
1. A defends a claim (strip ""no_evident_not_"" / ""have_evident_"" to see it).
2. B states a fact.
3. Does B disprove A's claim? Same specific issue only, not just same topic.

Output pattern (always use this exact shape):
A: <phrase>
B: <phrase>
Answer: Yes/No

Examples:

A: no_evident_not_easy_check-in
B: customer_wait_10_minute_for_greet
Answer: Yes

A: no_evident_not_easy_check-in
B: no_one_give_key_on_late_check-in
Answer: No

A: no_evident_not_great_quality
B: shampoo_seem_cheap_considering_hotel_cost
Answer: Yes

A: no_evident_not_great_quality
B: expensive_hotel
Answer: No

Now answer for this pair. Output ONLY the final line ""Answer: Yes"" or ""Answer: No"" — no other text.

A: no_evident_not_up_to_4*_standard
B: flexible_with_our_schedule
Answer:
","A: no_evident_not_up_to_4*_standard
B: flexible_with_our_schedule
Answer: No"
2026-08-16 22:10:55,1,21669,no_evident_not_neat_facility,feel_like_home_atmosphere,"Task: decide if Proposition B contradicts Assumption A.

Steps:
1. A defends a claim (strip ""no_evident_not_"" / ""have_evident_"" to see it).
2. B states a fact.
3. Does B disprove A's claim? Same specific issue only, not just same topic.

Output pattern (always use this exact shape):
A: <phrase>
B: <phrase>
Answer: Yes/No

Examples:

A: no_evident_not_easy_check-in
B: customer_wait_10_minute_for_greet
Answer: Yes

A: no_evident_not_easy_check-in
B: no_one_give_key_on_late_check-in
Answer: No

A: no_evident_not_great_quality
B: shampoo_seem_cheap_considering_hotel_cost
Answer: Yes

A: no_evident_not_great_quality
B: expensive_hotel
Answer: No

Now answer for this pair. Output ONLY the final line ""Answer: Yes"" or ""Answer: No"" — no other text.

A: no_evident_not_neat_facility
B: feel_like_home_atmosphere
Answer:
","A: no_evident_not_neat_facility
B: feel_like_home_atmosphere
Answer: No"
2026-08-16 22:10:56,1,7468,no_evident_not_contemporary_hotel,easy_parking,"Task: decide if Proposition B contradicts Assumption A.

Steps:
1. A defends a claim (strip ""no_evident_not_"" / ""have_evident_"" to see it).
2. B states a fact.
3. Does B disprove A's claim? Same specific issue only, not just same topic.

Output pattern (always use this exact shape):
A: <phrase>
B: <phrase>
Answer: Yes/No

Examples:

A: no_evident_not_easy_check-in
B: customer_wait_10_minute_for_greet
Answer: Yes

A: no_evident_not_easy_check-in
B: no_one_give_key_on_late_check-in
Answer: No

A: no_evident_not_great_quality
B: shampoo_seem_cheap_considering_hotel_cost
Answer: Yes

A: no_evident_not_great_quality
B: expensive_hotel
Answer: No

Now answer for this pair. Output ONLY the final line ""Answer: Yes"" or ""Answer: No"" — no other text.

A: no_evident_not_contemporary_hotel
B: easy_parking
Answer:
",Answer: No
2026-08-16 22:10:56,1,25332,no_evident_not_able_to_bring_dog,nice_facility,"Task: decide if Proposition B contradicts Assumption A.

Steps:
1. A defends a claim (strip ""no_evident_not_"" / ""have_evident_"" to see it).
2. B states a fact.
3. Does B disprove A's claim? Same specific issue only, not just same topic.

Output pattern (always use this exact shape):
A: <phrase>
B: <phrase>
Answer: Yes/No

Examples:

A: no_evident_not_easy_check-in
B: customer_wait_10_minute_for_greet
Answer: Yes

A: no_evident_not_easy_check-in
B: no_one_give_key_on_late_check-in
Answer: No

A: no_evident_not_great_quality
B: shampoo_seem_cheap_considering_hotel_cost
Answer: Yes

A: no_evident_not_great_quality
B: expensive_hotel
Answer: No

Now answer for this pair. Output ONLY the final line ""Answer: Yes"" or ""Answer: No"" — no other text.

A: no_evident_not_able_to_bring_dog
B: nice_facility
Answer:
","A: no_evident_not_able_to_bring_dog
B: no_dogs_allowed
Answer: Yes"
2026-08-16 22:10:56,1,9483,no_evident_not_modern_lobby,feel_like_home_hotel,"Task: decide if Proposition B contradicts Assumption A.

Steps:
1. A defends a claim (strip ""no_evident_not_"" / ""have_evident_"" to see it).
2. B states a fact.
3. Does B disprove A's claim? Same specific issue only, not just same topic.

Output pattern (always use this exact shape):
A: <phrase>
B: <phrase>
Answer: Yes/No

Examples:

A: no_evident_not_easy_check-in
B: customer_wait_10_minute_for_greet
Answer: Yes

A: no_evident_not_easy_check-in
B: no_one_give_key_on_late_check-in
Answer: No

A: no_evident_not_great_quality
B: shampoo_seem_cheap_considering_hotel_cost
Answer: Yes

A: no_evident_not_great_quality
B: expensive_hotel
Answer: No

Now answer for this pair. Output ONLY the final line ""Answer: Yes"" or ""Answer: No"" — no other text.

A: no_evident_not_modern_lobby
B: feel_like_home_hotel
Answer:
","A: no_evident_not_modern_lobby
B: feel_like_home_hotel
Answer: No"
2026-08-16 22:10:57,1,32284,no_evident_not_cozy_atmosphere,boutique_hotel,"Task: decide if Proposition B contradicts Assumption A.

Steps:
1. A defends a claim (strip ""no_evident_not_"" / ""have_evident_"" to see it).
2. B states a fact.
3. Does B disprove A's claim? Same specific issue only, not just same topic.

Output pattern (always use this exact shape):
A: <phrase>
B: <phrase>
Answer: Yes/No

Examples:

A: no_evident_not_easy_check-in
B: customer_wait_10_minute_for_greet
Answer: Yes

A: no_evident_not_easy_check-in
B: no_one_give_key_on_late_check-in
Answer: No

A: no_evident_not_great_quality
B: shampoo_seem_cheap_considering_hotel_cost
Answer: Yes

A: no_evident_not_great_quality
B: expensive_hotel
Answer: No

Now answer for this pair. Output ONLY the final line ""Answer: Yes"" or ""Answer: No"" — no other text.

A: no_evident_not_cozy_atmosphere
B: boutique_hotel
Answer:
","A: no_evident_not_cozy_atmosphere
B: boutique_hotel
Answer: No"
2026-08-16 22:10:57,1,2615,no_evident_not_everything_clean,bright_hotel,"Task: decide if Proposition B contradicts Assumption A.

Steps:
1. A defends a claim (strip ""no_evident_not_"" / ""have_evident_"" to see it).
2. B states a fact.
3. Does B disprove A's claim? Same specific issue only, not just same topic.

Output pattern (always use this exact shape):
A: <phrase>
B: <phrase>
Answer: Yes/No

Examples:

A: no_evident_not_easy_check-in
B: customer_wait_10_minute_for_greet
Answer: Yes

A: no_evident_not_easy_check-in
B: no_one_give_key_on_late_check-in
Answer: No

A: no_evident_not_great_quality
B: shampoo_seem_cheap_considering_hotel_cost
Answer: Yes

A: no_evident_not_great_quality
B: expensive_hotel
Answer: No

Now answer for this pair. Output ONLY the final line ""Answer: Yes"" or ""Answer: No"" — no other text.

A: no_evident_not_everything_clean
B: bright_hotel
Answer:
","A: no_evident_not_everything_clean
B: bright_hotel
Answer: No"
2026-08-16 22:10:57,1,28028,no_evident_not_family_hotel,many_free_parking_space_available_on_early_November,"Task: decide if Proposition B contradicts Assumption A.

Steps:
1. A defends a claim (strip ""no_evident_not_"" / ""have_evident_"" to see it).
2. B states a fact.
3. Does B disprove A's claim? Same specific issue only, not just same topic.

Output pattern (always use this exact shape):
A: <phrase>
B: <phrase>
Answer: Yes/No

Examples:

A: no_evident_not_easy_check-in
B: customer_wait_10_minute_for_greet
Answer: Yes

A: no_evident_not_easy_check-in
B: no_one_give_key_on_late_check-in
Answer: No

A: no_evident_not_great_quality
B: shampoo_seem_cheap_considering_hotel_cost
Answer: Yes

A: no_evident_not_great_quality
B: expensive_hotel
Answer: No

Now answer for this pair. Output ONLY the final line ""Answer: Yes"" or ""Answer: No"" — no other text.

A: no_evident_not_family_hotel
B: many_free_parking_space_available_on_early_November
Answer:
","A: no_evident_not_family_hotel
B: many_free_parking_space_available_on_early_November
Answer: No"
2026-08-16 22:10:58,1,7629,no_evident_not_beautiful_hotel,feel_like_home_atmosphere,"Task: decide if Proposition B contradicts Assumption A.

Steps:
1. A defends a claim (strip ""no_evident_not_"" / ""have_evident_"" to see it).
2. B states a fact.
3. Does B disprove A's claim? Same specific issue only, not just same topic.

Output pattern (always use this exact shape):
A: <phrase>
B: <phrase>
Answer: Yes/No

Examples:

A: no_evident_not_easy_check-in
B: customer_wait_10_minute_for_greet
Answer: Yes

A: no_evident_not_easy_check-in
B: no_one_give_key_on_late_check-in
Answer: No

A: no_evident_not_great_quality
B: shampoo_seem_cheap_considering_hotel_cost
Answer: Yes

A: no_evident_not_great_quality
B: expensive_hotel
Answer: No

Now answer for this pair. Output ONLY the final line ""Answer: Yes"" or ""Answer: No"" — no other text.

A: no_evident_not_beautiful_hotel
B: feel_like_home_atmosphere
Answer:
","A: no_evident_not_beautiful_hotel
B: feel_like_home_atmosphere
Answer: No"
2026-08-16 22:10:58,1,28393,no_evident_not_has_place_to_park_car,new_reception,"Task: decide if Proposition B contradicts Assumption A.

Steps:
1. A defends a claim (strip ""no_evident_not_"" / ""have_evident_"" to see it).
2. B states a fact.
3. Does B disprove A's claim? Same specific issue only, not just same topic.

Output pattern (always use this exact shape):
A: <phrase>
B: <phrase>
Answer: Yes/No

Examples:

A: no_evident_not_easy_check-in
B: customer_wait_10_minute_for_greet
Answer: Yes

A: no_evident_not_easy_check-in
B: no_one_give_key_on_late_check-in
Answer: No

A: no_evident_not_great_quality
B: shampoo_seem_cheap_considering_hotel_cost
Answer: Yes

A: no_evident_not_great_quality
B: expensive_hotel
Answer: No

Now answer for this pair. Output ONLY the final line ""Answer: Yes"" or ""Answer: No"" — no other text.

A: no_evident_not_has_place_to_park_car
B: new_reception
Answer:
","A: no_evident_not_has_place_to_park_car
B: new_reception
Answer: No"
2026-08-16 22:10:58,1,3310,no_evident_not_lovely_little_hotel,Christmas_vibe_hotel,"Task: decide if Proposition B contradicts Assumption A.

Steps:
1. A defends a claim (strip ""no_evident_not_"" / ""have_evident_"" to see it).
2. B states a fact.
3. Does B disprove A's claim? Same specific issue only, not just same topic.

Output pattern (always use this exact shape):
A: <phrase>
B: <phrase>
Answer: Yes/No

Examples:

A: no_evident_not_easy_check-in
B: customer_wait_10_minute_for_greet
Answer: Yes

A: no_evident_not_easy_check-in
B: no_one_give_key_on_late_check-in
Answer: No

A: no_evident_not_great_quality
B: shampoo_seem_cheap_considering_hotel_cost
Answer: Yes

A: no_evident_not_great_quality
B: expensive_hotel
Answer: No

Now answer for this pair. Output ONLY the final line ""Answer: Yes"" or ""Answer: No"" — no other text.

A: no_evident_not_lovely_little_hotel
B: Christmas_vibe_hotel
Answer:
","A: no_evident_not_lovely_little_hotel
B: Christmas_vibe_hotel
Answer: No"
2026-08-16 22:10:59,1,12456,no_evident_not_Christmas_vibe_hotel,perfect_hotel,"Task: decide if Proposition B contradicts Assumption A.

Steps:
1. A defends a claim (strip ""no_evident_not_"" / ""have_evident_"" to see it).
2. B states a fact.
3. Does B disprove A's claim? Same specific issue only, not just same topic.

Output pattern (always use this exact shape):
A: <phrase>
B: <phrase>
Answer: Yes/No

Examples:

A: no_evident_not_easy_check-in
B: customer_wait_10_minute_for_greet
Answer: Yes

A: no_evident_not_easy_check-in
B: no_one_give_key_on_late_check-in
Answer: No

A: no_evident_not_great_quality
B: shampoo_seem_cheap_considering_hotel_cost
Answer: Yes

A: no_evident_not_great_quality
B: expensive_hotel
Answer: No

Now answer for this pair. Output ONLY the final line ""Answer: Yes"" or ""Answer: No"" — no other text.

A: no_evident_not_Christmas_vibe_hotel
B: perfect_hotel
Answer:
","A: no_evident_not_Christmas_vibe_hotel
B: perfect_hotel
Answer: Yes"
2026-08-16 22:10:59,1,9109,no_evident_not_small_hotel_which_we_like,amazing_place,"Task: decide if Proposition B contradicts Assumption A.

Steps:
1. A defends a claim (strip ""no_evident_not_"" / ""have_evident_"" to see it).
2. B states a fact.
3. Does B disprove A's claim? Same specific issue only, not just same topic.

Output pattern (always use this exact shape):
A: <phrase>
B: <phrase>
Answer: Yes/No

Examples:

A: no_evident_not_easy_check-in
B: customer_wait_10_minute_for_greet
Answer: Yes

A: no_evident_not_easy_check-in
B: no_one_give_key_on_late_check-in
Answer: No

A: no_evident_not_great_quality
B: shampoo_seem_cheap_considering_hotel_cost
Answer: Yes

A: no_evident_not_great_quality
B: expensive_hotel
Answer: No

Now answer for this pair. Output ONLY the final line ""Answer: Yes"" or ""Answer: No"" — no other text.

A: no_evident_not_small_hotel_which_we_like
B: amazing_place
Answer:
","A: no_evident_not_small_hotel_which_we_like
B: amazing_place
Answer: No"
2026-08-16 22:10:59,1,14858,no_evident_not_best_hotel,easy_hotel,"Task: decide if Proposition B contradicts Assumption A.

Steps:
1. A defends a claim (strip ""no_evident_not_"" / ""have_evident_"" to see it).
2. B states a fact.
3. Does B disprove A's claim? Same specific issue only, not just same topic.

Output pattern (always use this exact shape):
A: <phrase>
B: <phrase>
Answer: Yes/No

Examples:

A: no_evident_not_easy_check-in
B: customer_wait_10_minute_for_greet
Answer: Yes

A: no_evident_not_easy_check-in
B: no_one_give_key_on_late_check-in
Answer: No

A: no_evident_not_great_quality
B: shampoo_seem_cheap_considering_hotel_cost
Answer: Yes

A: no_evident_not_great_quality
B: expensive_hotel
Answer: No

Now answer for this pair. Output ONLY the final line ""Answer: Yes"" or ""Answer: No"" — no other text.

A: no_evident_not_best_hotel
B: easy_hotel
Answer:
","A: no_evident_not_best_hotel
B: easy_hotel
Answer: No"
2026-08-16 22:11:00,1,20831,no_evident_not_made_for_comfortable_stay,furnished_hotel,"Task: decide if Proposition B contradicts Assumption A.

Steps:
1. A defends a claim (strip ""no_evident_not_"" / ""have_evident_"" to see it).
2. B states a fact.
3. Does B disprove A's claim? Same specific issue only, not just same topic.

Output pattern (always use this exact shape):
A: <phrase>
B: <phrase>
Answer: Yes/No

Examples:

A: no_evident_not_easy_check-in
B: customer_wait_10_minute_for_greet
Answer: Yes

A: no_evident_not_easy_check-in
B: no_one_give_key_on_late_check-in
Answer: No

A: no_evident_not_great_quality
B: shampoo_seem_cheap_considering_hotel_cost
Answer: Yes

A: no_evident_not_great_quality
B: expensive_hotel
Answer: No

Now answer for this pair. Output ONLY the final line ""Answer: Yes"" or ""Answer: No"" — no other text.

A: no_evident_not_made_for_comfortable_stay
B: furnished_hotel
Answer:
","A: no_evident_not_made_for_comfortable_stay
B: furnished_hotel
Answer: Yes"
2026-08-16 22:11:00,1,27333,no_evident_not_interesting_service,can_request_by_push_button,"Task: decide if Proposition B contradicts Assumption A.

Steps:
1. A defends a claim (strip ""no_evident_not_"" / ""have_evident_"" to see it).
2. B states a fact.
3. Does B disprove A's claim? Same specific issue only, not just same topic.

Output pattern (always use this exact shape):
A: <phrase>
B: <phrase>
Answer: Yes/No

Examples:

A: no_evident_not_easy_check-in
B: customer_wait_10_minute_for_greet
Answer: Yes

A: no_evident_not_easy_check-in
B: no_one_give_key_on_late_check-in
Answer: No

A: no_evident_not_great_quality
B: shampoo_seem_cheap_considering_hotel_cost
Answer: Yes

A: no_evident_not_great_quality
B: expensive_hotel
Answer: No

Now answer for this pair. Output ONLY the final line ""Answer: Yes"" or ""Answer: No"" — no other text.

A: no_evident_not_interesting_service
B: can_request_by_push_button
Answer:
","A: no_evident_not_interesting_service
B: can_request_by_push_button
Answer: No"
2026-08-16 22:11:00,1,11955,no_evident_not_everything_great,no_extra_charge_for_dog,"Task: decide if Proposition B contradicts Assumption A.

Steps:
1. A defends a claim (strip ""no_evident_not_"" / ""have_evident_"" to see it).
2. B states a fact.
3. Does B disprove A's claim? Same specific issue only, not just same topic.

Output pattern (always use this exact shape):
A: <phrase>
B: <phrase>
Answer: Yes/No

Examples:

A: no_evident_not_easy_check-in
B: customer_wait_10_minute_for_greet
Answer: Yes

A: no_evident_not_easy_check-in
B: no_one_give_key_on_late_check-in
Answer: No

A: no_evident_not_great_quality
B: shampoo_seem_cheap_considering_hotel_cost
Answer: Yes

A: no_evident_not_great_quality
B: expensive_hotel
Answer: No

Now answer for this pair. Output ONLY the final line ""Answer: Yes"" or ""Answer: No"" — no other text.

A: no_evident_not_everything_great
B: no_extra_charge_for_dog
Answer:
","A: no_evident_not_everything_great
B: no_extra_charge_for_dog
Answer: Yes"
2026-08-16 22:11:01,1,5330,no_evident_not_everything_new,5*_facility,"Task: decide if Proposition B contradicts Assumption A.

Steps:
1. A defends a claim (strip ""no_evident_not_"" / ""have_evident_"" to see it).
2. B states a fact.
3. Does B disprove A's claim? Same specific issue only, not just same topic.

Output pattern (always use this exact shape):
A: <phrase>
B: <phrase>
Answer: Yes/No

Examples:

A: no_evident_not_easy_check-in
B: customer_wait_10_minute_for_greet
Answer: Yes

A: no_evident_not_easy_check-in
B: no_one_give_key_on_late_check-in
Answer: No

A: no_evident_not_great_quality
B: shampoo_seem_cheap_considering_hotel_cost
Answer: Yes

A: no_evident_not_great_quality
B: expensive_hotel
Answer: No

Now answer for this pair. Output ONLY the final line ""Answer: Yes"" or ""Answer: No"" — no other text.

A: no_evident_not_everything_new
B: 5*_facility
Answer:
","A: no_evident_not_everything_new
B: 5_star_facility
Answer: Yes"
2026-08-16 22:11:01,1,12131,no_evident_not_well_furnished_hotel,nice_ambiance_hotel,"Task: decide if Proposition B contradicts Assumption A.

Steps:
1. A defends a claim (strip ""no_evident_not_"" / ""have_evident_"" to see it).
2. B states a fact.
3. Does B disprove A's claim? Same specific issue only, not just same topic.

Output pattern (always use this exact shape):
A: <phrase>
B: <phrase>
Answer: Yes/No

Examples:

A: no_evident_not_easy_check-in
B: customer_wait_10_minute_for_greet
Answer: Yes

A: no_evident_not_easy_check-in
B: no_one_give_key_on_late_check-in
Answer: No

A: no_evident_not_great_quality
B: shampoo_seem_cheap_considering_hotel_cost
Answer: Yes

A: no_evident_not_great_quality
B: expensive_hotel
Answer: No

Now answer for this pair. Output ONLY the final line ""Answer: Yes"" or ""Answer: No"" — no other text.

A: no_evident_not_well_furnished_hotel
B: nice_ambiance_hotel
Answer:
","A: no_evident_not_well_furnished_hotel
B: nice_ambiance_hotel
Answer: No"
2026-08-16 22:11:01,1,11642,no_evident_not_nice_boutique_hotel,take_COVID_prevention_measure,"Task: decide if Proposition B contradicts Assumption A.

Steps:
1. A defends a claim (strip ""no_evident_not_"" / ""have_evident_"" to see it).
2. B states a fact.
3. Does B disprove A's claim? Same specific issue only, not just same topic.

Output pattern (always use this exact shape):
A: <phrase>
B: <phrase>
Answer: Yes/No

Examples:

A: no_evident_not_easy_check-in
B: customer_wait_10_minute_for_greet
Answer: Yes

A: no_evident_not_easy_check-in
B: no_one_give_key_on_late_check-in
Answer: No

A: no_evident_not_great_quality
B: shampoo_seem_cheap_considering_hotel_cost
Answer: Yes

A: no_evident_not_great_quality
B: expensive_hotel
Answer: No

Now answer for this pair. Output ONLY the final line ""Answer: Yes"" or ""Answer: No"" — no other text.

A: no_evident_not_nice_boutique_hotel
B: take_COVID_prevention_measure
Answer:
",Answer: No
2026-08-16 22:11:01,1,6866,no_evident_not_family_establishment,allow_stay_with_animal,"Task: decide if Proposition B contradicts Assumption A.

Steps:
1. A defends a claim (strip ""no_evident_not_"" / ""have_evident_"" to see it).
2. B states a fact.
3. Does B disprove A's claim? Same specific issue only, not just same topic.

Output pattern (always use this exact shape):
A: <phrase>
B: <phrase>
Answer: Yes/No

Examples:

A: no_evident_not_easy_check-in
B: customer_wait_10_minute_for_greet
Answer: Yes

A: no_evident_not_easy_check-in
B: no_one_give_key_on_late_check-in
Answer: No

A: no_evident_not_great_quality
B: shampoo_seem_cheap_considering_hotel_cost
Answer: Yes

A: no_evident_not_great_quality
B: expensive_hotel
Answer: No

Now answer for this pair. Output ONLY the final line ""Answer: Yes"" or ""Answer: No"" — no other text.

A: no_evident_not_family_establishment
B: allow_stay_with_animal
Answer:
","A: no_evident_not_family_establishment
B: allow_stay_with_animal
Answer: No"
2026-08-16 22:11:02,1,21961,no_evident_not_feel_like_home_hotel,new_hotel,"Task: decide if Proposition B contradicts Assumption A.

Steps:
1. A defends a claim (strip ""no_evident_not_"" / ""have_evident_"" to see it).
2. B states a fact.
3. Does B disprove A's claim? Same specific issue only, not just same topic.

Output pattern (always use this exact shape):
A: <phrase>
B: <phrase>
Answer: Yes/No

Examples:

A: no_evident_not_easy_check-in
B: customer_wait_10_minute_for_greet
Answer: Yes

A: no_evident_not_easy_check-in
B: no_one_give_key_on_late_check-in
Answer: No

A: no_evident_not_great_quality
B: shampoo_seem_cheap_considering_hotel_cost
Answer: Yes

A: no_evident_not_great_quality
B: expensive_hotel
Answer: No

Now answer for this pair. Output ONLY the final line ""Answer: Yes"" or ""Answer: No"" — no other text.

A: no_evident_not_feel_like_home_hotel
B: new_hotel
Answer:
","A: no_evident_not_feel_like_home_hotel
B: new_hotel
Answer: No"
2026-08-16 22:11:02,1,8749,no_evident_not_beautifully_kept_hotel,amazing_place,"Task: decide if Proposition B contradicts Assumption A.

Steps:
1. A defends a claim (strip ""no_evident_not_"" / ""have_evident_"" to see it).
2. B states a fact.
3. Does B disprove A's claim? Same specific issue only, not just same topic.

Output pattern (always use this exact shape):
A: <phrase>
B: <phrase>
Answer: Yes/No

Examples:

A: no_evident_not_easy_check-in
B: customer_wait_10_minute_for_greet
Answer: Yes

A: no_evident_not_easy_check-in
B: no_one_give_key_on_late_check-in
Answer: No

A: no_evident_not_great_quality
B: shampoo_seem_cheap_considering_hotel_cost
Answer: Yes

A: no_evident_not_great_quality
B: expensive_hotel
Answer: No

Now answer for this pair. Output ONLY the final line ""Answer: Yes"" or ""Answer: No"" — no other text.

A: no_evident_not_beautifully_kept_hotel
B: amazing_place
Answer:
","A: no_evident_not_beautifully_kept_hotel
B: amazing_place
Answer: No"
2026-08-16 22:11:03,1,22998,no_evident_not_many_free_parking_space_available_on_early_November,intimate_hotel,"Task: decide if Proposition B contradicts Assumption A.

Steps:
1. A defends a claim (strip ""no_evident_not_"" / ""have_evident_"" to see it).
2. B states a fact.
3. Does B disprove A's claim? Same specific issue only, not just same topic.

Output pattern (always use this exact shape):
A: <phrase>
B: <phrase>
Answer: Yes/No

Examples:

A: no_evident_not_easy_check-in
B: customer_wait_10_minute_for_greet
Answer: Yes

A: no_evident_not_easy_check-in
B: no_one_give_key_on_late_check-in
Answer: No

A: no_evident_not_great_quality
B: shampoo_seem_cheap_considering_hotel_cost
Answer: Yes

A: no_evident_not_great_quality
B: expensive_hotel
Answer: No

Now answer for this pair. Output ONLY the final line ""Answer: Yes"" or ""Answer: No"" — no other text.

A: no_evident_not_many_free_parking_space_available_on_early_November
B: intimate_hotel
Answer:
","A: no_evident_not_many_free_parking_space_available_on_early_November
B: intimate_hotel
Answer: Yes"
2026-08-16 22:11:03,1,30693,no_evident_not_stylish_hotel,just_renovated_hotel,"Task: decide if Proposition B contradicts Assumption A.

Steps:
1. A defends a claim (strip ""no_evident_not_"" / ""have_evident_"" to see it).
2. B states a fact.
3. Does B disprove A's claim? Same specific issue only, not just same topic.

Output pattern (always use this exact shape):
A: <phrase>
B: <phrase>
Answer: Yes/No

Examples:

A: no_evident_not_easy_check-in
B: customer_wait_10_minute_for_greet
Answer: Yes

A: no_evident_not_easy_check-in
B: no_one_give_key_on_late_check-in
Answer: No

A: no_evident_not_great_quality
B: shampoo_seem_cheap_considering_hotel_cost
Answer: Yes

A: no_evident_not_great_quality
B: expensive_hotel
Answer: No

Now answer for this pair. Output ONLY the final line ""Answer: Yes"" or ""Answer: No"" — no other text.

A: no_evident_not_stylish_hotel
B: just_renovated_hotel
Answer:
","A: no_evident_not_stylish_hotel
B: just_renovated_hotel
Answer: No"
2026-08-16 22:11:03,1,22399,no_evident_not_cleanest_hotel_in_Cyprus,nice_small_hotel,"Task: decide if Proposition B contradicts Assumption A.

Steps:
1. A defends a claim (strip ""no_evident_not_"" / ""have_evident_"" to see it).
2. B states a fact.
3. Does B disprove A's claim? Same specific issue only, not just same topic.

Output pattern (always use this exact shape):
A: <phrase>
B: <phrase>
Answer: Yes/No

Examples:

A: no_evident_not_easy_check-in
B: customer_wait_10_minute_for_greet
Answer: Yes

A: no_evident_not_easy_check-in
B: no_one_give_key_on_late_check-in
Answer: No

A: no_evident_not_great_quality
B: shampoo_seem_cheap_considering_hotel_cost
Answer: Yes

A: no_evident_not_great_quality
B: expensive_hotel
Answer: No

Now answer for this pair. Output ONLY the final line ""Answer: Yes"" or ""Answer: No"" — no other text.

A: no_evident_not_cleanest_hotel_in_Cyprus
B: nice_small_hotel
Answer:
","A: no_evident_not_cleanest_hotel_in_Cyprus
B: nice_small_hotel
Answer: No"
2026-08-16 22:11:03,1,21235,no_evident_not_free_parking,possible_with_animal,"Task: decide if Proposition B contradicts Assumption A.

Steps:
1. A defends a claim (strip ""no_evident_not_"" / ""have_evident_"" to see it).
2. B states a fact.
3. Does B disprove A's claim? Same specific issue only, not just same topic.

Output pattern (always use this exact shape):
A: <phrase>
B: <phrase>
Answer: Yes/No

Examples:

A: no_evident_not_easy_check-in
B: customer_wait_10_minute_for_greet
Answer: Yes

A: no_evident_not_easy_check-in
B: no_one_give_key_on_late_check-in
Answer: No

A: no_evident_not_great_quality
B: shampoo_seem_cheap_considering_hotel_cost
Answer: Yes

A: no_evident_not_great_quality
B: expensive_hotel
Answer: No

Now answer for this pair. Output ONLY the final line ""Answer: Yes"" or ""Answer: No"" — no other text.

A: no_evident_not_free_parking
B: possible_with_animal
Answer:
",Answer: Yes
2026-08-16 22:11:03,1,2340,no_evident_not_clean_hotel,cozy_atmosphere,"Task: decide if Proposition B contradicts Assumption A.

Steps:
1. A defends a claim (strip ""no_evident_not_"" / ""have_evident_"" to see it).
2. B states a fact.
3. Does B disprove A's claim? Same specific issue only, not just same topic.

Output pattern (always use this exact shape):
A: <phrase>
B: <phrase>
Answer: Yes/No

Examples:

A: no_evident_not_easy_check-in
B: customer_wait_10_minute_for_greet
Answer: Yes

A: no_evident_not_easy_check-in
B: no_one_give_key_on_late_check-in
Answer: No

A: no_evident_not_great_quality
B: shampoo_seem_cheap_considering_hotel_cost
Answer: Yes

A: no_evident_not_great_quality
B: expensive_hotel
Answer: No

Now answer for this pair. Output ONLY the final line ""Answer: Yes"" or ""Answer: No"" — no other text.

A: no_evident_not_clean_hotel
B: cozy_atmosphere
Answer:
",Answer: No
2026-08-16 22:11:04,1,19961,no_evident_not_wonderful_hotel,comfortable_street_terrace,"Task: decide if Proposition B contradicts Assumption A.

Steps:
1. A defends a claim (strip ""no_evident_not_"" / ""have_evident_"" to see it).
2. B states a fact.
3. Does B disprove A's claim? Same specific issue only, not just same topic.

Output pattern (always use this exact shape):
A: <phrase>
B: <phrase>
Answer: Yes/No

Examples:

A: no_evident_not_easy_check-in
B: customer_wait_10_minute_for_greet
Answer: Yes

A: no_evident_not_easy_check-in
B: no_one_give_key_on_late_check-in
Answer: No

A: no_evident_not_great_quality
B: shampoo_seem_cheap_considering_hotel_cost
Answer: Yes

A: no_evident_not_great_quality
B: expensive_hotel
Answer: No

Now answer for this pair. Output ONLY the final line ""Answer: Yes"" or ""Answer: No"" — no other text.

A: no_evident_not_wonderful_hotel
B: comfortable_street_terrace
Answer:
","A: no_evident_not_wonderful_hotel
B: comfortable_street_terrace
Answer: No"
2026-08-16 22:11:04,1,20807,no_evident_not_made_for_comfortable_stay,affordable_hotel,"Task: decide if Proposition B contradicts Assumption A.

Steps:
1. A defends a claim (strip ""no_evident_not_"" / ""have_evident_"" to see it).
2. B states a fact.
3. Does B disprove A's claim? Same specific issue only, not just same topic.

Output pattern (always use this exact shape):
A: <phrase>
B: <phrase>
Answer: Yes/No

Examples:

A: no_evident_not_easy_check-in
B: customer_wait_10_minute_for_greet
Answer: Yes

A: no_evident_not_easy_check-in
B: no_one_give_key_on_late_check-in
Answer: No

A: no_evident_not_great_quality
B: shampoo_seem_cheap_considering_hotel_cost
Answer: Yes

A: no_evident_not_great_quality
B: expensive_hotel
Answer: No

Now answer for this pair. Output ONLY the final line ""Answer: Yes"" or ""Answer: No"" — no other text.

A: no_evident_not_made_for_comfortable_stay
B: affordable_hotel
Answer:
","A: no_evident_not_made_for_comfortable_stay
B: affordable_hotel
Answer: Yes"
2026-08-16 22:11:04,1,5608,no_evident_not_wonderful_facility,beautiful_inside,"Task: decide if Proposition B contradicts Assumption A.

Steps:
1. A defends a claim (strip ""no_evident_not_"" / ""have_evident_"" to see it).
2. B states a fact.
3. Does B disprove A's claim? Same specific issue only, not just same topic.

Output pattern (always use this exact shape):
A: <phrase>
B: <phrase>
Answer: Yes/No

Examples:

A: no_evident_not_easy_check-in
B: customer_wait_10_minute_for_greet
Answer: Yes

A: no_evident_not_easy_check-in
B: no_one_give_key_on_late_check-in
Answer: No

A: no_evident_not_great_quality
B: shampoo_seem_cheap_considering_hotel_cost
Answer: Yes

A: no_evident_not_great_quality
B: expensive_hotel
Answer: No

Now answer for this pair. Output ONLY the final line ""Answer: Yes"" or ""Answer: No"" — no other text.

A: no_evident_not_wonderful_facility
B: beautiful_inside
Answer:
","A: no_evident_not_wonderful_facility
B: beautiful_inside
Answer: No"
2026-08-16 22:11:05,1,17503,no_evident_not_easy_hotel,beautiful_hotel,"Task: decide if Proposition B contradicts Assumption A.

Steps:
1. A defends a claim (strip ""no_evident_not_"" / ""have_evident_"" to see it).
2. B states a fact.
3. Does B disprove A's claim? Same specific issue only, not just same topic.

Output pattern (always use this exact shape):
A: <phrase>
B: <phrase>
Answer: Yes/No

Examples:

A: no_evident_not_easy_check-in
B: customer_wait_10_minute_for_greet
Answer: Yes

A: no_evident_not_easy_check-in
B: no_one_give_key_on_late_check-in
Answer: No

A: no_evident_not_great_quality
B: shampoo_seem_cheap_considering_hotel_cost
Answer: Yes

A: no_evident_not_great_quality
B: expensive_hotel
Answer: No

Now answer for this pair. Output ONLY the final line ""Answer: Yes"" or ""Answer: No"" — no other text.

A: no_evident_not_easy_hotel
B: beautiful_hotel
Answer:
",Answer: No
2026-08-16 22:11:05,1,23893,no_evident_not_new_reception,new_reception,"Task: decide if Proposition B contradicts Assumption A.

Steps:
1. A defends a claim (strip ""no_evident_not_"" / ""have_evident_"" to see it).
2. B states a fact.
3. Does B disprove A's claim? Same specific issue only, not just same topic.

Output pattern (always use this exact shape):
A: <phrase>
B: <phrase>
Answer: Yes/No

Examples:

A: no_evident_not_easy_check-in
B: customer_wait_10_minute_for_greet
Answer: Yes

A: no_evident_not_easy_check-in
B: no_one_give_key_on_late_check-in
Answer: No

A: no_evident_not_great_quality
B: shampoo_seem_cheap_considering_hotel_cost
Answer: Yes

A: no_evident_not_great_quality
B: expensive_hotel
Answer: No

Now answer for this pair. Output ONLY the final line ""Answer: Yes"" or ""Answer: No"" — no other text.

A: no_evident_not_new_reception
B: new_reception
Answer:
","A: no_evident_not_new_reception
B: new_reception
Answer: No"
2026-08-16 22:11:05,1,8022,no_evident_not_offered_food,recently_renovated_interior,"Task: decide if Proposition B contradicts Assumption A.

Steps:
1. A defends a claim (strip ""no_evident_not_"" / ""have_evident_"" to see it).
2. B states a fact.
3. Does B disprove A's claim? Same specific issue only, not just same topic.

Output pattern (always use this exact shape):
A: <phrase>
B: <phrase>
Answer: Yes/No

Examples:

A: no_evident_not_easy_check-in
B: customer_wait_10_minute_for_greet
Answer: Yes

A: no_evident_not_easy_check-in
B: no_one_give_key_on_late_check-in
Answer: No

A: no_evident_not_great_quality
B: shampoo_seem_cheap_considering_hotel_cost
Answer: Yes

A: no_evident_not_great_quality
B: expensive_hotel
Answer: No

Now answer for this pair. Output ONLY the final line ""Answer: Yes"" or ""Answer: No"" — no other text.

A: no_evident_not_offered_food
B: recently_renovated_interior
Answer:
","A: no_evident_not_offered_food
B: no_food_service_available
Answer: Yes"
2026-08-16 22:11:05,1,5355,no_evident_not_everything_new,as_expected_hotel,"Task: decide if Proposition B contradicts Assumption A.

Steps:
1. A defends a claim (strip ""no_evident_not_"" / ""have_evident_"" to see it).
2. B states a fact.
3. Does B disprove A's claim? Same specific issue only, not just same topic.

Output pattern (always use this exact shape):
A: <phrase>
B: <phrase>
Answer: Yes/No

Examples:

A: no_evident_not_easy_check-in
B: customer_wait_10_minute_for_greet
Answer: Yes

A: no_evident_not_easy_check-in
B: no_one_give_key_on_late_check-in
Answer: No

A: no_evident_not_great_quality
B: shampoo_seem_cheap_considering_hotel_cost
Answer: Yes

A: no_evident_not_great_quality
B: expensive_hotel
Answer: No

Now answer for this pair. Output ONLY the final line ""Answer: Yes"" or ""Answer: No"" — no other text.

A: no_evident_not_everything_new
B: as_expected_hotel
Answer:
","A: no_evident_not_everything_new
B: as_expected_hotel
Answer: No"
2026-08-16 22:11:06,1,15148,no_evident_not_comfortable_atmosphere,beautiful_inside,"Task: decide if Proposition B contradicts Assumption A.

Steps:
1. A defends a claim (strip ""no_evident_not_"" / ""have_evident_"" to see it).
2. B states a fact.
3. Does B disprove A's claim? Same specific issue only, not just same topic.

Output pattern (always use this exact shape):
A: <phrase>
B: <phrase>
Answer: Yes/No

Examples:

A: no_evident_not_easy_check-in
B: customer_wait_10_minute_for_greet
Answer: Yes

A: no_evident_not_easy_check-in
B: no_one_give_key_on_late_check-in
Answer: No

A: no_evident_not_great_quality
B: shampoo_seem_cheap_considering_hotel_cost
Answer: Yes

A: no_evident_not_great_quality
B: expensive_hotel
Answer: No

Now answer for this pair. Output ONLY the final line ""Answer: Yes"" or ""Answer: No"" — no other text.

A: no_evident_not_comfortable_atmosphere
B: beautiful_inside
Answer:
","A: no_evident_not_comfortable_atmosphere
B: beautiful_inside
Answer: No"
2026-08-16 22:11:06,1,12434,no_evident_not_Christmas_vibe_hotel,feel_new,"Task: decide if Proposition B contradicts Assumption A.

Steps:
1. A defends a claim (strip ""no_evident_not_"" / ""have_evident_"" to see it).
2. B states a fact.
3. Does B disprove A's claim? Same specific issue only, not just same topic.

Output pattern (always use this exact shape):
A: <phrase>
B: <phrase>
Answer: Yes/No

Examples:

A: no_evident_not_easy_check-in
B: customer_wait_10_minute_for_greet
Answer: Yes

A: no_evident_not_easy_check-in
B: no_one_give_key_on_late_check-in
Answer: No

A: no_evident_not_great_quality
B: shampoo_seem_cheap_considering_hotel_cost
Answer: Yes

A: no_evident_not_great_quality
B: expensive_hotel
Answer: No

Now answer for this pair. Output ONLY the final line ""Answer: Yes"" or ""Answer: No"" — no other text.

A: no_evident_not_Christmas_vibe_hotel
B: feel_new
Answer:
","A: no_evident_not_Christmas_vibe_hotel
B: feel_new
Answer: No"
2026-08-16 22:11:06,1,8846,no_evident_not_happy_with_service,allow_stay_with_animal,"Task: decide if Proposition B contradicts Assumption A.

Steps:
1. A defends a claim (strip ""no_evident_not_"" / ""have_evident_"" to see it).
2. B states a fact.
3. Does B disprove A's claim? Same specific issue only, not just same topic.

Output pattern (always use this exact shape):
A: <phrase>
B: <phrase>
Answer: Yes/No

Examples:

A: no_evident_not_easy_check-in
B: customer_wait_10_minute_for_greet
Answer: Yes

A: no_evident_not_easy_check-in
B: no_one_give_key_on_late_check-in
Answer: No

A: no_evident_not_great_quality
B: shampoo_seem_cheap_considering_hotel_cost
Answer: Yes

A: no_evident_not_great_quality
B: expensive_hotel
Answer: No

Now answer for this pair. Output ONLY the final line ""Answer: Yes"" or ""Answer: No"" — no other text.

A: no_evident_not_happy_with_service
B: allow_stay_with_animal
Answer:
","A: no_evident_not_happy_with_service
B: allow_stay_with_animal
Answer: No"
2026-08-16 22:11:07,1,30324,no_evident_not_free_parking_along_street,friendly_atmosphere,"Task: decide if Proposition B contradicts Assumption A.

Steps:
1. A defends a claim (strip ""no_evident_not_"" / ""have_evident_"" to see it).
2. B states a fact.
3. Does B disprove A's claim? Same specific issue only, not just same topic.

Output pattern (always use this exact shape):
A: <phrase>
B: <phrase>
Answer: Yes/No

Examples:

A: no_evident_not_easy_check-in
B: customer_wait_10_minute_for_greet
Answer: Yes

A: no_evident_not_easy_check-in
B: no_one_give_key_on_late_check-in
Answer: No

A: no_evident_not_great_quality
B: shampoo_seem_cheap_considering_hotel_cost
Answer: Yes

A: no_evident_not_great_quality
B: expensive_hotel
Answer: No

Now answer for this pair. Output ONLY the final line ""Answer: Yes"" or ""Answer: No"" — no other text.

A: no_evident_not_free_parking_along_street
B: friendly_atmosphere
Answer:
",Answer: No
2026-08-16 22:11:07,1,20972,no_evident_not_spotless_hotel,nice_atmosphere,"Task: decide if Proposition B contradicts Assumption A.

Steps:
1. A defends a claim (strip ""no_evident_not_"" / ""have_evident_"" to see it).
2. B states a fact.
3. Does B disprove A's claim? Same specific issue only, not just same topic.

Output pattern (always use this exact shape):
A: <phrase>
B: <phrase>
Answer: Yes/No

Examples:

A: no_evident_not_easy_check-in
B: customer_wait_10_minute_for_greet
Answer: Yes

A: no_evident_not_easy_check-in
B: no_one_give_key_on_late_check-in
Answer: No

A: no_evident_not_great_quality
B: shampoo_seem_cheap_considering_hotel_cost
Answer: Yes

A: no_evident_not_great_quality
B: expensive_hotel
Answer: No

Now answer for this pair. Output ONLY the final line ""Answer: Yes"" or ""Answer: No"" — no other text.

A: no_evident_not_spotless_hotel
B: nice_atmosphere
Answer:
",Answer: No
2026-08-16 22:11:07,1,22550,no_evident_not_pleasant_hotel,happy_with_service,"Task: decide if Proposition B contradicts Assumption A.

Steps:
1. A defends a claim (strip ""no_evident_not_"" / ""have_evident_"" to see it).
2. B states a fact.
3. Does B disprove A's claim? Same specific issue only, not just same topic.

Output pattern (always use this exact shape):
A: <phrase>
B: <phrase>
Answer: Yes/No

Examples:

A: no_evident_not_easy_check-in
B: customer_wait_10_minute_for_greet
Answer: Yes

A: no_evident_not_easy_check-in
B: no_one_give_key_on_late_check-in
Answer: No

A: no_evident_not_great_quality
B: shampoo_seem_cheap_considering_hotel_cost
Answer: Yes

A: no_evident_not_great_quality
B: expensive_hotel
Answer: No

Now answer for this pair. Output ONLY the final line ""Answer: Yes"" or ""Answer: No"" — no other text.

A: no_evident_not_pleasant_hotel
B: happy_with_service
Answer:
",Answer: No
2026-08-16 22:11:07,1,18251,no_evident_not_recently_renovated_interior,nice_ambiance_hotel,"Task: decide if Proposition B contradicts Assumption A.

Steps:
1. A defends a claim (strip ""no_evident_not_"" / ""have_evident_"" to see it).
2. B states a fact.
3. Does B disprove A's claim? Same specific issue only, not just same topic.

Output pattern (always use this exact shape):
A: <phrase>
B: <phrase>
Answer: Yes/No

Examples:

A: no_evident_not_easy_check-in
B: customer_wait_10_minute_for_greet
Answer: Yes

A: no_evident_not_easy_check-in
B: no_one_give_key_on_late_check-in
Answer: No

A: no_evident_not_great_quality
B: shampoo_seem_cheap_considering_hotel_cost
Answer: Yes

A: no_evident_not_great_quality
B: expensive_hotel
Answer: No

Now answer for this pair. Output ONLY the final line ""Answer: Yes"" or ""Answer: No"" — no other text.

A: no_evident_not_recently_renovated_interior
B: nice_ambiance_hotel
Answer:
","A: no_evident_not_recently_renovated_interior
B: nice_ambiance_hotel
Answer: Yes"
2026-08-16 22:11:07,1,7197,no_evident_not_great_hotel,all_furniture_new,"Task: decide if Proposition B contradicts Assumption A.

Steps:
1. A defends a claim (strip ""no_evident_not_"" / ""have_evident_"" to see it).
2. B states a fact.
3. Does B disprove A's claim? Same specific issue only, not just same topic.

Output pattern (always use this exact shape):
A: <phrase>
B: <phrase>
Answer: Yes/No

Examples:

A: no_evident_not_easy_check-in
B: customer_wait_10_minute_for_greet
Answer: Yes

A: no_evident_not_easy_check-in
B: no_one_give_key_on_late_check-in
Answer: No

A: no_evident_not_great_quality
B: shampoo_seem_cheap_considering_hotel_cost
Answer: Yes

A: no_evident_not_great_quality
B: expensive_hotel
Answer: No

Now answer for this pair. Output ONLY the final line ""Answer: Yes"" or ""Answer: No"" — no other text.

A: no_evident_not_great_hotel
B: all_furniture_new
Answer:
","A: no_evident_not_great_hotel
B: all_furniture_new
Answer: No"
2026-08-16 22:11:08,1,22434,no_evident_not_cleanest_hotel_in_Cyprus,front_to_unwind_evening,"Task: decide if Proposition B contradicts Assumption A.

Steps:
1. A defends a claim (strip ""no_evident_not_"" / ""have_evident_"" to see it).
2. B states a fact.
3. Does B disprove A's claim? Same specific issue only, not just same topic.

Output pattern (always use this exact shape):
A: <phrase>
B: <phrase>
Answer: Yes/No

Examples:

A: no_evident_not_easy_check-in
B: customer_wait_10_minute_for_greet
Answer: Yes

A: no_evident_not_easy_check-in
B: no_one_give_key_on_late_check-in
Answer: No

A: no_evident_not_great_quality
B: shampoo_seem_cheap_considering_hotel_cost
Answer: Yes

A: no_evident_not_great_quality
B: expensive_hotel
Answer: No

Now answer for this pair. Output ONLY the final line ""Answer: Yes"" or ""Answer: No"" — no other text.

A: no_evident_not_cleanest_hotel_in_Cyprus
B: front_to_unwind_evening
Answer:
","A: no_evident_not_cleanest_hotel_in_Cyprus
B: front_to_unwind_evening
Answer: No"
2026-08-16 22:11:08,1,10627,no_evident_not_easy_to_park_car_outside,renovated_hotel,"Task: decide if Proposition B contradicts Assumption A.

Steps:
1. A defends a claim (strip ""no_evident_not_"" / ""have_evident_"" to see it).
2. B states a fact.
3. Does B disprove A's claim? Same specific issue only, not just same topic.

Output pattern (always use this exact shape):
A: <phrase>
B: <phrase>
Answer: Yes/No

Examples:

A: no_evident_not_easy_check-in
B: customer_wait_10_minute_for_greet
Answer: Yes

A: no_evident_not_easy_check-in
B: no_one_give_key_on_late_check-in
Answer: No

A: no_evident_not_great_quality
B: shampoo_seem_cheap_considering_hotel_cost
Answer: Yes

A: no_evident_not_great_quality
B: expensive_hotel
Answer: No

Now answer for this pair. Output ONLY the final line ""Answer: Yes"" or ""Answer: No"" — no other text.

A: no_evident_not_easy_to_park_car_outside
B: renovated_hotel
Answer:
","A: no_evident_not_easy_to_park_car_outside
B: renovated_hotel
Answer: No"
2026-08-16 22:11:08,1,27619,no_evident_not_plenty_of_parking,nice_small_hotel,"Task: decide if Proposition B contradicts Assumption A.

Steps:
1. A defends a claim (strip ""no_evident_not_"" / ""have_evident_"" to see it).
2. B states a fact.
3. Does B disprove A's claim? Same specific issue only, not just same topic.

Output pattern (always use this exact shape):
A: <phrase>
B: <phrase>
Answer: Yes/No

Examples:

A: no_evident_not_easy_check-in
B: customer_wait_10_minute_for_greet
Answer: Yes

A: no_evident_not_easy_check-in
B: no_one_give_key_on_late_check-in
Answer: No

A: no_evident_not_great_quality
B: shampoo_seem_cheap_considering_hotel_cost
Answer: Yes

A: no_evident_not_great_quality
B: expensive_hotel
Answer: No

Now answer for this pair. Output ONLY the final line ""Answer: Yes"" or ""Answer: No"" — no other text.

A: no_evident_not_plenty_of_parking
B: nice_small_hotel
Answer:
",Answer: Yes
2026-08-16 22:11:08,1,25177,no_evident_not_has_parking_next_to_hotel,welcoming_environment,"Task: decide if Proposition B contradicts Assumption A.

Steps:
1. A defends a claim (strip ""no_evident_not_"" / ""have_evident_"" to see it).
2. B states a fact.
3. Does B disprove A's claim? Same specific issue only, not just same topic.

Output pattern (always use this exact shape):
A: <phrase>
B: <phrase>
Answer: Yes/No

Examples:

A: no_evident_not_easy_check-in
B: customer_wait_10_minute_for_greet
Answer: Yes

A: no_evident_not_easy_check-in
B: no_one_give_key_on_late_check-in
Answer: No

A: no_evident_not_great_quality
B: shampoo_seem_cheap_considering_hotel_cost
Answer: Yes

A: no_evident_not_great_quality
B: expensive_hotel
Answer: No

Now answer for this pair. Output ONLY the final line ""Answer: Yes"" or ""Answer: No"" — no other text.

A: no_evident_not_has_parking_next_to_hotel
B: welcoming_environment
Answer:
",Answer: No
2026-08-16 22:11:09,1,25428,no_evident_not_recently_freshed_up,fresh_hotel,"Task: decide if Proposition B contradicts Assumption A.

Steps:
1. A defends a claim (strip ""no_evident_not_"" / ""have_evident_"" to see it).
2. B states a fact.
3. Does B disprove A's claim? Same specific issue only, not just same topic.

Output pattern (always use this exact shape):
A: <phrase>
B: <phrase>
Answer: Yes/No

Examples:

A: no_evident_not_easy_check-in
B: customer_wait_10_minute_for_greet
Answer: Yes

A: no_evident_not_easy_check-in
B: no_one_give_key_on_late_check-in
Answer: No

A: no_evident_not_great_quality
B: shampoo_seem_cheap_considering_hotel_cost
Answer: Yes

A: no_evident_not_great_quality
B: expensive_hotel
Answer: No

Now answer for this pair. Output ONLY the final line ""Answer: Yes"" or ""Answer: No"" — no other text.

A: no_evident_not_recently_freshed_up
B: fresh_hotel
Answer:
","A: no_evident_not_recently_freshed_up
B: fresh_hotel
Answer: No"
2026-08-16 22:11:09,1,1833,no_evident_not_lovely_hotel,brand_new_facility,"Task: decide if Proposition B contradicts Assumption A.

Steps:
1. A defends a claim (strip ""no_evident_not_"" / ""have_evident_"" to see it).
2. B states a fact.
3. Does B disprove A's claim? Same specific issue only, not just same topic.

Output pattern (always use this exact shape):
A: <phrase>
B: <phrase>
Answer: Yes/No

Examples:

A: no_evident_not_easy_check-in
B: customer_wait_10_minute_for_greet
Answer: Yes

A: no_evident_not_easy_check-in
B: no_one_give_key_on_late_check-in
Answer: No

A: no_evident_not_great_quality
B: shampoo_seem_cheap_considering_hotel_cost
Answer: Yes

A: no_evident_not_great_quality
B: expensive_hotel
Answer: No

Now answer for this pair. Output ONLY the final line ""Answer: Yes"" or ""Answer: No"" — no other text.

A: no_evident_not_lovely_hotel
B: brand_new_facility
Answer:
","A: no_evident_not_lovely_hotel
B: brand_new_facility
Answer: No"
2026-08-16 22:11:09,1,7506,no_evident_not_contemporary_hotel,pleasant_hotel,"Task: decide if Proposition B contradicts Assumption A.

Steps:
1. A defends a claim (strip ""no_evident_not_"" / ""have_evident_"" to see it).
2. B states a fact.
3. Does B disprove A's claim? Same specific issue only, not just same topic.

Output pattern (always use this exact shape):
A: <phrase>
B: <phrase>
Answer: Yes/No

Examples:

A: no_evident_not_easy_check-in
B: customer_wait_10_minute_for_greet
Answer: Yes

A: no_evident_not_easy_check-in
B: no_one_give_key_on_late_check-in
Answer: No

A: no_evident_not_great_quality
B: shampoo_seem_cheap_considering_hotel_cost
Answer: Yes

A: no_evident_not_great_quality
B: expensive_hotel
Answer: No

Now answer for this pair. Output ONLY the final line ""Answer: Yes"" or ""Answer: No"" — no other text.

A: no_evident_not_contemporary_hotel
B: pleasant_hotel
Answer:
","A: no_evident_not_contemporary_hotel
B: pleasant_hotel
Answer: No"
2026-08-16 22:11:10,1,26929,no_evident_not_aesthetic_hotel,amazing_place,"Task: decide if Proposition B contradicts Assumption A.

Steps:
1. A defends a claim (strip ""no_evident_not_"" / ""have_evident_"" to see it).
2. B states a fact.
3. Does B disprove A's claim? Same specific issue only, not just same topic.

Output pattern (always use this exact shape):
A: <phrase>
B: <phrase>
Answer: Yes/No

Examples:

A: no_evident_not_easy_check-in
B: customer_wait_10_minute_for_greet
Answer: Yes

A: no_evident_not_easy_check-in
B: no_one_give_key_on_late_check-in
Answer: No

A: no_evident_not_great_quality
B: shampoo_seem_cheap_considering_hotel_cost
Answer: Yes

A: no_evident_not_great_quality
B: expensive_hotel
Answer: No

Now answer for this pair. Output ONLY the final line ""Answer: Yes"" or ""Answer: No"" — no other text.

A: no_evident_not_aesthetic_hotel
B: amazing_place
Answer:
","A: no_evident_not_aesthetic_hotel
B: amazing_place
Answer: No"
2026-08-16 22:11:10,1,1052,no_evident_not_nice_hotel,interesting_service,"Task: decide if Proposition B contradicts Assumption A.

Steps:
1. A defends a claim (strip ""no_evident_not_"" / ""have_evident_"" to see it).
2. B states a fact.
3. Does B disprove A's claim? Same specific issue only, not just same topic.

Output pattern (always use this exact shape):
A: <phrase>
B: <phrase>
Answer: Yes/No

Examples:

A: no_evident_not_easy_check-in
B: customer_wait_10_minute_for_greet
Answer: Yes

A: no_evident_not_easy_check-in
B: no_one_give_key_on_late_check-in
Answer: No

A: no_evident_not_great_quality
B: shampoo_seem_cheap_considering_hotel_cost
Answer: Yes

A: no_evident_not_great_quality
B: expensive_hotel
Answer: No

Now answer for this pair. Output ONLY the final line ""Answer: Yes"" or ""Answer: No"" — no other text.

A: no_evident_not_nice_hotel
B: interesting_service
Answer:
","A: no_evident_not_nice_hotel
B: interesting_service
Answer: No"
2026-08-16 22:11:10,1,26380,no_evident_not_pleasant_terrace,welcoming_hotel,"Task: decide if Proposition B contradicts Assumption A.

Steps:
1. A defends a claim (strip ""no_evident_not_"" / ""have_evident_"" to see it).
2. B states a fact.
3. Does B disprove A's claim? Same specific issue only, not just same topic.

Output pattern (always use this exact shape):
A: <phrase>
B: <phrase>
Answer: Yes/No

Examples:

A: no_evident_not_easy_check-in
B: customer_wait_10_minute_for_greet
Answer: Yes

A: no_evident_not_easy_check-in
B: no_one_give_key_on_late_check-in
Answer: No

A: no_evident_not_great_quality
B: shampoo_seem_cheap_considering_hotel_cost
Answer: Yes

A: no_evident_not_great_quality
B: expensive_hotel
Answer: No

Now answer for this pair. Output ONLY the final line ""Answer: Yes"" or ""Answer: No"" — no other text.

A: no_evident_not_pleasant_terrace
B: welcoming_hotel
Answer:
","A: no_evident_not_pleasant_terrace
B: welcoming_hotel
Answer: No"
2026-08-16 22:11:11,1,10337,no_evident_not_everything_cozy,good_wifi,"Task: decide if Proposition B contradicts Assumption A.

Steps:
1. A defends a claim (strip ""no_evident_not_"" / ""have_evident_"" to see it).
2. B states a fact.
3. Does B disprove A's claim? Same specific issue only, not just same topic.

Output pattern (always use this exact shape):
A: <phrase>
B: <phrase>
Answer: Yes/No

Examples:

A: no_evident_not_easy_check-in
B: customer_wait_10_minute_for_greet
Answer: Yes

A: no_evident_not_easy_check-in
B: no_one_give_key_on_late_check-in
Answer: No

A: no_evident_not_great_quality
B: shampoo_seem_cheap_considering_hotel_cost
Answer: Yes

A: no_evident_not_great_quality
B: expensive_hotel
Answer: No

Now answer for this pair. Output ONLY the final line ""Answer: Yes"" or ""Answer: No"" — no other text.

A: no_evident_not_everything_cozy
B: good_wifi
Answer:
","A: no_evident_not_everything_cozy
B: good_wifi
Answer: No"
2026-08-16 22:11:11,1,13146,no_evident_not_pet_friendly_hotel,nice_hotel,"Task: decide if Proposition B contradicts Assumption A.

Steps:
1. A defends a claim (strip ""no_evident_not_"" / ""have_evident_"" to see it).
2. B states a fact.
3. Does B disprove A's claim? Same specific issue only, not just same topic.

Output pattern (always use this exact shape):
A: <phrase>
B: <phrase>
Answer: Yes/No

Examples:

A: no_evident_not_easy_check-in
B: customer_wait_10_minute_for_greet
Answer: Yes

A: no_evident_not_easy_check-in
B: no_one_give_key_on_late_check-in
Answer: No

A: no_evident_not_great_quality
B: shampoo_seem_cheap_considering_hotel_cost
Answer: Yes

A: no_evident_not_great_quality
B: expensive_hotel
Answer: No

Now answer for this pair. Output ONLY the final line ""Answer: Yes"" or ""Answer: No"" — no other text.

A: no_evident_not_pet_friendly_hotel
B: nice_hotel
Answer:
",Answer: No
2026-08-16 22:11:11,1,8774,no_evident_not_beautifully_kept_hotel,clean_reception,"Task: decide if Proposition B contradicts Assumption A.

Steps:
1. A defends a claim (strip ""no_evident_not_"" / ""have_evident_"" to see it).
2. B states a fact.
3. Does B disprove A's claim? Same specific issue only, not just same topic.

Output pattern (always use this exact shape):
A: <phrase>
B: <phrase>
Answer: Yes/No

Examples:

A: no_evident_not_easy_check-in
B: customer_wait_10_minute_for_greet
Answer: Yes

A: no_evident_not_easy_check-in
B: no_one_give_key_on_late_check-in
Answer: No

A: no_evident_not_great_quality
B: shampoo_seem_cheap_considering_hotel_cost
Answer: Yes

A: no_evident_not_great_quality
B: expensive_hotel
Answer: No

Now answer for this pair. Output ONLY the final line ""Answer: Yes"" or ""Answer: No"" — no other text.

A: no_evident_not_beautifully_kept_hotel
B: clean_reception
Answer:
","A: no_evident_not_beautifully_kept_hotel
B: clean_reception
Answer: No"
2026-08-16 22:11:11,1,2169,no_evident_not_clean_hotel,up_to_4*_standard,"Task: decide if Proposition B contradicts Assumption A.

Steps:
1. A defends a claim (strip ""no_evident_not_"" / ""have_evident_"" to see it).
2. B states a fact.
3. Does B disprove A's claim? Same specific issue only, not just same topic.

Output pattern (always use this exact shape):
A: <phrase>
B: <phrase>
Answer: Yes/No

Examples:

A: no_evident_not_easy_check-in
B: customer_wait_10_minute_for_greet
Answer: Yes

A: no_evident_not_easy_check-in
B: no_one_give_key_on_late_check-in
Answer: No

A: no_evident_not_great_quality
B: shampoo_seem_cheap_considering_hotel_cost
Answer: Yes

A: no_evident_not_great_quality
B: expensive_hotel
Answer: No

Now answer for this pair. Output ONLY the final line ""Answer: Yes"" or ""Answer: No"" — no other text.

A: no_evident_not_clean_hotel
B: up_to_4*_standard
Answer:
","A: no_evident_not_clean_hotel
B: up_to_4*_standard
Answer: No"
2026-08-16 22:11:11,1,6914,no_evident_not_family_establishment,pet_friendly_hotel,"Task: decide if Proposition B contradicts Assumption A.

Steps:
1. A defends a claim (strip ""no_evident_not_"" / ""have_evident_"" to see it).
2. B states a fact.
3. Does B disprove A's claim? Same specific issue only, not just same topic.

Output pattern (always use this exact shape):
A: <phrase>
B: <phrase>
Answer: Yes/No

Examples:

A: no_evident_not_easy_check-in
B: customer_wait_10_minute_for_greet
Answer: Yes

A: no_evident_not_easy_check-in
B: no_one_give_key_on_late_check-in
Answer: No

A: no_evident_not_great_quality
B: shampoo_seem_cheap_considering_hotel_cost
Answer: Yes

A: no_evident_not_great_quality
B: expensive_hotel
Answer: No

Now answer for this pair. Output ONLY the final line ""Answer: Yes"" or ""Answer: No"" — no other text.

A: no_evident_not_family_establishment
B: pet_friendly_hotel
Answer:
",Answer: Yes
2026-08-16 22:11:12,1,29922,no_evident_not_can_request_for_transfer_from_airport,contemporary_hotel,"Task: decide if Proposition B contradicts Assumption A.

Steps:
1. A defends a claim (strip ""no_evident_not_"" / ""have_evident_"" to see it).
2. B states a fact.
3. Does B disprove A's claim? Same specific issue only, not just same topic.

Output pattern (always use this exact shape):
A: <phrase>
B: <phrase>
Answer: Yes/No

Examples:

A: no_evident_not_easy_check-in
B: customer_wait_10_minute_for_greet
Answer: Yes

A: no_evident_not_easy_check-in
B: no_one_give_key_on_late_check-in
Answer: No

A: no_evident_not_great_quality
B: shampoo_seem_cheap_considering_hotel_cost
Answer: Yes

A: no_evident_not_great_quality
B: expensive_hotel
Answer: No

Now answer for this pair. Output ONLY the final line ""Answer: Yes"" or ""Answer: No"" — no other text.

A: no_evident_not_can_request_for_transfer_from_airport
B: contemporary_hotel
Answer:
","A: no_evident_not_can_request_for_transfer_from_airport
B: no_one_give_key_on_late_check-in
Answer: Yes"
2026-08-16 22:11:12,1,30898,no_evident_not_surprise_with_swimming_pool,free_parking,"Task: decide if Proposition B contradicts Assumption A.

Steps:
1. A defends a claim (strip ""no_evident_not_"" / ""have_evident_"" to see it).
2. B states a fact.
3. Does B disprove A's claim? Same specific issue only, not just same topic.

Output pattern (always use this exact shape):
A: <phrase>
B: <phrase>
Answer: Yes/No

Examples:

A: no_evident_not_easy_check-in
B: customer_wait_10_minute_for_greet
Answer: Yes

A: no_evident_not_easy_check-in
B: no_one_give_key_on_late_check-in
Answer: No

A: no_evident_not_great_quality
B: shampoo_seem_cheap_considering_hotel_cost
Answer: Yes

A: no_evident_not_great_quality
B: expensive_hotel
Answer: No

Now answer for this pair. Output ONLY the final line ""Answer: Yes"" or ""Answer: No"" — no other text.

A: no_evident_not_surprise_with_swimming_pool
B: free_parking
Answer:
","A: no_evident_not_surprise_with_swimming_pool
B: no_parking_available
Answer: Yes"
2026-08-16 22:11:12,1,18586,no_evident_not_clean_facility,offered_drink,"Task: decide if Proposition B contradicts Assumption A.

Steps:
1. A defends a claim (strip ""no_evident_not_"" / ""have_evident_"" to see it).
2. B states a fact.
3. Does B disprove A's claim? Same specific issue only, not just same topic.

Output pattern (always use this exact shape):
A: <phrase>
B: <phrase>
Answer: Yes/No

Examples:

A: no_evident_not_easy_check-in
B: customer_wait_10_minute_for_greet
Answer: Yes

A: no_evident_not_easy_check-in
B: no_one_give_key_on_late_check-in
Answer: No

A: no_evident_not_great_quality
B: shampoo_seem_cheap_considering_hotel_cost
Answer: Yes

A: no_evident_not_great_quality
B: expensive_hotel
Answer: No

Now answer for this pair. Output ONLY the final line ""Answer: Yes"" or ""Answer: No"" — no other text.

A: no_evident_not_clean_facility
B: offered_drink
Answer:
","A: no_evident_not_clean_facility
B: offered_drink
Answer: No"
2026-08-16 22:11:13,1,28717,no_evident_not_clean_street_terrace,well_situated_hotel,"Task: decide if Proposition B contradicts Assumption A.

Steps:
1. A defends a claim (strip ""no_evident_not_"" / ""have_evident_"" to see it).
2. B states a fact.
3. Does B disprove A's claim? Same specific issue only, not just same topic.

Output pattern (always use this exact shape):
A: <phrase>
B: <phrase>
Answer: Yes/No

Examples:

A: no_evident_not_easy_check-in
B: customer_wait_10_minute_for_greet
Answer: Yes

A: no_evident_not_easy_check-in
B: no_one_give_key_on_late_check-in
Answer: No

A: no_evident_not_great_quality
B: shampoo_seem_cheap_considering_hotel_cost
Answer: Yes

A: no_evident_not_great_quality
B: expensive_hotel
Answer: No

Now answer for this pair. Output ONLY the final line ""Answer: Yes"" or ""Answer: No"" — no other text.

A: no_evident_not_clean_street_terrace
B: well_situated_hotel
Answer:
","A: no_evident_not_clean_street_terrace
B: well_situated_hotel
Answer: No"
2026-08-16 22:11:13,1,23525,no_evident_not_furnished_hotel,cleanest_hotel_in_Cyprus,"Task: decide if Proposition B contradicts Assumption A.

Steps:
1. A defends a claim (strip ""no_evident_not_"" / ""have_evident_"" to see it).
2. B states a fact.
3. Does B disprove A's claim? Same specific issue only, not just same topic.

Output pattern (always use this exact shape):
A: <phrase>
B: <phrase>
Answer: Yes/No

Examples:

A: no_evident_not_easy_check-in
B: customer_wait_10_minute_for_greet
Answer: Yes

A: no_evident_not_easy_check-in
B: no_one_give_key_on_late_check-in
Answer: No

A: no_evident_not_great_quality
B: shampoo_seem_cheap_considering_hotel_cost
Answer: Yes

A: no_evident_not_great_quality
B: expensive_hotel
Answer: No

Now answer for this pair. Output ONLY the final line ""Answer: Yes"" or ""Answer: No"" — no other text.

A: no_evident_not_furnished_hotel
B: cleanest_hotel_in_Cyprus
Answer:
","A: no_evident_not_furnished_hotel
B: cleanest_hotel_in_Cyprus
Answer: No"
2026-08-16 22:11:13,1,10312,no_evident_not_everything_cozy,lovely_lobby,"Task: decide if Proposition B contradicts Assumption A.

Steps:
1. A defends a claim (strip ""no_evident_not_"" / ""have_evident_"" to see it).
2. B states a fact.
3. Does B disprove A's claim? Same specific issue only, not just same topic.

Output pattern (always use this exact shape):
A: <phrase>
B: <phrase>
Answer: Yes/No

Examples:

A: no_evident_not_easy_check-in
B: customer_wait_10_minute_for_greet
Answer: Yes

A: no_evident_not_easy_check-in
B: no_one_give_key_on_late_check-in
Answer: No

A: no_evident_not_great_quality
B: shampoo_seem_cheap_considering_hotel_cost
Answer: Yes

A: no_evident_not_great_quality
B: expensive_hotel
Answer: No

Now answer for this pair. Output ONLY the final line ""Answer: Yes"" or ""Answer: No"" — no other text.

A: no_evident_not_everything_cozy
B: lovely_lobby
Answer:
","A: no_evident_not_everything_cozy
B: lovely_lobby
Answer: No"
2026-08-16 22:11:14,1,6968,no_evident_not_family_establishment,many_free_parking_space_available_on_early_November,"Task: decide if Proposition B contradicts Assumption A.

Steps:
1. A defends a claim (strip ""no_evident_not_"" / ""have_evident_"" to see it).
2. B states a fact.
3. Does B disprove A's claim? Same specific issue only, not just same topic.

Output pattern (always use this exact shape):
A: <phrase>
B: <phrase>
Answer: Yes/No

Examples:

A: no_evident_not_easy_check-in
B: customer_wait_10_minute_for_greet
Answer: Yes

A: no_evident_not_easy_check-in
B: no_one_give_key_on_late_check-in
Answer: No

A: no_evident_not_great_quality
B: shampoo_seem_cheap_considering_hotel_cost
Answer: Yes

A: no_evident_not_great_quality
B: expensive_hotel
Answer: No

Now answer for this pair. Output ONLY the final line ""Answer: Yes"" or ""Answer: No"" — no other text.

A: no_evident_not_family_establishment
B: many_free_parking_space_available_on_early_November
Answer:
","A: no_evident_not_family_establishment
B: many_free_parking_space_available_on_early_November
Answer: No"
2026-08-16 22:11:14,1,21478,no_evident_not_light_hotel,everything_cozy,"Task: decide if Proposition B contradicts Assumption A.

Steps:
1. A defends a claim (strip ""no_evident_not_"" / ""have_evident_"" to see it).
2. B states a fact.
3. Does B disprove A's claim? Same specific issue only, not just same topic.

Output pattern (always use this exact shape):
A: <phrase>
B: <phrase>
Answer: Yes/No

Examples:

A: no_evident_not_easy_check-in
B: customer_wait_10_minute_for_greet
Answer: Yes

A: no_evident_not_easy_check-in
B: no_one_give_key_on_late_check-in
Answer: No

A: no_evident_not_great_quality
B: shampoo_seem_cheap_considering_hotel_cost
Answer: Yes

A: no_evident_not_great_quality
B: expensive_hotel
Answer: No

Now answer for this pair. Output ONLY the final line ""Answer: Yes"" or ""Answer: No"" — no other text.

A: no_evident_not_light_hotel
B: everything_cozy
Answer:
","A: no_evident_not_light_hotel
B: everything_cozy
Answer: No"
2026-08-16 22:11:14,1,16359,no_evident_not_contemporary_decoration,excellent_option,"Task: decide if Proposition B contradicts Assumption A.

Steps:
1. A defends a claim (strip ""no_evident_not_"" / ""have_evident_"" to see it).
2. B states a fact.
3. Does B disprove A's claim? Same specific issue only, not just same topic.

Output pattern (always use this exact shape):
A: <phrase>
B: <phrase>
Answer: Yes/No

Examples:

A: no_evident_not_easy_check-in
B: customer_wait_10_minute_for_greet
Answer: Yes

A: no_evident_not_easy_check-in
B: no_one_give_key_on_late_check-in
Answer: No

A: no_evident_not_great_quality
B: shampoo_seem_cheap_considering_hotel_cost
Answer: Yes

A: no_evident_not_great_quality
B: expensive_hotel
Answer: No

Now answer for this pair. Output ONLY the final line ""Answer: Yes"" or ""Answer: No"" — no other text.

A: no_evident_not_contemporary_decoration
B: excellent_option
Answer:
","A: no_evident_not_contemporary_decoration
B: excellent_option
Answer: No"
2026-08-16 22:11:15,1,12965,no_evident_not_feel_welcome_from_arrival_moment,not_big_hotel,"Task: decide if Proposition B contradicts Assumption A.

Steps:
1. A defends a claim (strip ""no_evident_not_"" / ""have_evident_"" to see it).
2. B states a fact.
3. Does B disprove A's claim? Same specific issue only, not just same topic.

Output pattern (always use this exact shape):
A: <phrase>
B: <phrase>
Answer: Yes/No

Examples:

A: no_evident_not_easy_check-in
B: customer_wait_10_minute_for_greet
Answer: Yes

A: no_evident_not_easy_check-in
B: no_one_give_key_on_late_check-in
Answer: No

A: no_evident_not_great_quality
B: shampoo_seem_cheap_considering_hotel_cost
Answer: Yes

A: no_evident_not_great_quality
B: expensive_hotel
Answer: No

Now answer for this pair. Output ONLY the final line ""Answer: Yes"" or ""Answer: No"" — no other text.

A: no_evident_not_feel_welcome_from_arrival_moment
B: not_big_hotel
Answer:
","A: no_evident_not_feel_welcome_from_arrival_moment
B: not_big_hotel
Answer: Yes"
2026-08-16 22:11:15,1,28990,no_evident_not_clean_hall,welcoming_entrance,"Task: decide if Proposition B contradicts Assumption A.

Steps:
1. A defends a claim (strip ""no_evident_not_"" / ""have_evident_"" to see it).
2. B states a fact.
3. Does B disprove A's claim? Same specific issue only, not just same topic.

Output pattern (always use this exact shape):
A: <phrase>
B: <phrase>
Answer: Yes/No

Examples:

A: no_evident_not_easy_check-in
B: customer_wait_10_minute_for_greet
Answer: Yes

A: no_evident_not_easy_check-in
B: no_one_give_key_on_late_check-in
Answer: No

A: no_evident_not_great_quality
B: shampoo_seem_cheap_considering_hotel_cost
Answer: Yes

A: no_evident_not_great_quality
B: expensive_hotel
Answer: No

Now answer for this pair. Output ONLY the final line ""Answer: Yes"" or ""Answer: No"" — no other text.

A: no_evident_not_clean_hall
B: welcoming_entrance
Answer:
","A: no_evident_not_clean_hall
B: welcoming_entrance
Answer: No"
2026-08-16 22:11:16,1,29968,no_evident_not_can_request_for_transfer_from_airport,easy_parking,"Task: decide if Proposition B contradicts Assumption A.

Steps:
1. A defends a claim (strip ""no_evident_not_"" / ""have_evident_"" to see it).
2. B states a fact.
3. Does B disprove A's claim? Same specific issue only, not just same topic.

Output pattern (always use this exact shape):
A: <phrase>
B: <phrase>
Answer: Yes/No

Examples:

A: no_evident_not_easy_check-in
B: customer_wait_10_minute_for_greet
Answer: Yes

A: no_evident_not_easy_check-in
B: no_one_give_key_on_late_check-in
Answer: No

A: no_evident_not_great_quality
B: shampoo_seem_cheap_considering_hotel_cost
Answer: Yes

A: no_evident_not_great_quality
B: expensive_hotel
Answer: No

Now answer for this pair. Output ONLY the final line ""Answer: Yes"" or ""Answer: No"" — no other text.

A: no_evident_not_can_request_for_transfer_from_airport
B: easy_parking
Answer:
","A: no_evident_not_can_request_for_transfer_from_airport
B: easy_parking
Answer: No"
2026-08-16 22:11:16,1,21065,no_evident_not_free_parking,not_big_hotel,"Task: decide if Proposition B contradicts Assumption A.

Steps:
1. A defends a claim (strip ""no_evident_not_"" / ""have_evident_"" to see it).
2. B states a fact.
3. Does B disprove A's claim? Same specific issue only, not just same topic.

Output pattern (always use this exact shape):
A: <phrase>
B: <phrase>
Answer: Yes/No

Examples:

A: no_evident_not_easy_check-in
B: customer_wait_10_minute_for_greet
Answer: Yes

A: no_evident_not_easy_check-in
B: no_one_give_key_on_late_check-in
Answer: No

A: no_evident_not_great_quality
B: shampoo_seem_cheap_considering_hotel_cost
Answer: Yes

A: no_evident_not_great_quality
B: expensive_hotel
Answer: No

Now answer for this pair. Output ONLY the final line ""Answer: Yes"" or ""Answer: No"" — no other text.

A: no_evident_not_free_parking
B: not_big_hotel
Answer:
","A: no_evident_not_free_parking
B: not_all_hotels_free_parking
Answer: Yes"
2026-08-16 22:11:16,1,15036,no_evident_not_friendly_atmosphere,look_like_almost_new_hotel,"Task: decide if Proposition B contradicts Assumption A.

Steps:
1. A defends a claim (strip ""no_evident_not_"" / ""have_evident_"" to see it).
2. B states a fact.
3. Does B disprove A's claim? Same specific issue only, not just same topic.

Output pattern (always use this exact shape):
A: <phrase>
B: <phrase>
Answer: Yes/No

Examples:

A: no_evident_not_easy_check-in
B: customer_wait_10_minute_for_greet
Answer: Yes

A: no_evident_not_easy_check-in
B: no_one_give_key_on_late_check-in
Answer: No

A: no_evident_not_great_quality
B: shampoo_seem_cheap_considering_hotel_cost
Answer: Yes

A: no_evident_not_great_quality
B: expensive_hotel
Answer: No

Now answer for this pair. Output ONLY the final line ""Answer: Yes"" or ""Answer: No"" — no other text.

A: no_evident_not_friendly_atmosphere
B: look_like_almost_new_hotel
Answer:
","A: no_evident_not_friendly_atmosphere
B: look_like_almost_new_hotel
Answer: Yes"
2026-08-16 22:11:16,1,4682,no_evident_not_clean_inside,comfortable_hotel,"Task: decide if Proposition B contradicts Assumption A.

Steps:
1. A defends a claim (strip ""no_evident_not_"" / ""have_evident_"" to see it).
2. B states a fact.
3. Does B disprove A's claim? Same specific issue only, not just same topic.

Output pattern (always use this exact shape):
A: <phrase>
B: <phrase>
Answer: Yes/No

Examples:

A: no_evident_not_easy_check-in
B: customer_wait_10_minute_for_greet
Answer: Yes

A: no_evident_not_easy_check-in
B: no_one_give_key_on_late_check-in
Answer: No

A: no_evident_not_great_quality
B: shampoo_seem_cheap_considering_hotel_cost
Answer: Yes

A: no_evident_not_great_quality
B: expensive_hotel
Answer: No

Now answer for this pair. Output ONLY the final line ""Answer: Yes"" or ""Answer: No"" — no other text.

A: no_evident_not_clean_inside
B: comfortable_hotel
Answer:
",Answer: No
2026-08-16 22:11:16,1,8680,no_evident_not_beautifully_kept_hotel,great_hotel,"Task: decide if Proposition B contradicts Assumption A.

Steps:
1. A defends a claim (strip ""no_evident_not_"" / ""have_evident_"" to see it).
2. B states a fact.
3. Does B disprove A's claim? Same specific issue only, not just same topic.

Output pattern (always use this exact shape):
A: <phrase>
B: <phrase>
Answer: Yes/No

Examples:

A: no_evident_not_easy_check-in
B: customer_wait_10_minute_for_greet
Answer: Yes

A: no_evident_not_easy_check-in
B: no_one_give_key_on_late_check-in
Answer: No

A: no_evident_not_great_quality
B: shampoo_seem_cheap_considering_hotel_cost
Answer: Yes

A: no_evident_not_great_quality
B: expensive_hotel
Answer: No

Now answer for this pair. Output ONLY the final line ""Answer: Yes"" or ""Answer: No"" — no other text.

A: no_evident_not_beautifully_kept_hotel
B: great_hotel
Answer:
",Answer: Yes
2026-08-16 22:11:16,1,4576,no_evident_not_allow_stay_with_animal,sufficient_parking,"Task: decide if Proposition B contradicts Assumption A.

Steps:
1. A defends a claim (strip ""no_evident_not_"" / ""have_evident_"" to see it).
2. B states a fact.
3. Does B disprove A's claim? Same specific issue only, not just same topic.

Output pattern (always use this exact shape):
A: <phrase>
B: <phrase>
Answer: Yes/No

Examples:

A: no_evident_not_easy_check-in
B: customer_wait_10_minute_for_greet
Answer: Yes

A: no_evident_not_easy_check-in
B: no_one_give_key_on_late_check-in
Answer: No

A: no_evident_not_great_quality
B: shampoo_seem_cheap_considering_hotel_cost
Answer: Yes

A: no_evident_not_great_quality
B: expensive_hotel
Answer: No

Now answer for this pair. Output ONLY the final line ""Answer: Yes"" or ""Answer: No"" — no other text.

A: no_evident_not_allow_stay_with_animal
B: sufficient_parking
Answer:
",Answer: No
2026-08-16 22:11:17,1,8082,no_evident_not_offered_food,clean_hall,"Task: decide if Proposition B contradicts Assumption A.

Steps:
1. A defends a claim (strip ""no_evident_not_"" / ""have_evident_"" to see it).
2. B states a fact.
3. Does B disprove A's claim? Same specific issue only, not just same topic.

Output pattern (always use this exact shape):
A: <phrase>
B: <phrase>
Answer: Yes/No

Examples:

A: no_evident_not_easy_check-in
B: customer_wait_10_minute_for_greet
Answer: Yes

A: no_evident_not_easy_check-in
B: no_one_give_key_on_late_check-in
Answer: No

A: no_evident_not_great_quality
B: shampoo_seem_cheap_considering_hotel_cost
Answer: Yes

A: no_evident_not_great_quality
B: expensive_hotel
Answer: No

Now answer for this pair. Output ONLY the final line ""Answer: Yes"" or ""Answer: No"" — no other text.

A: no_evident_not_offered_food
B: clean_hall
Answer:
","A: no_evident_not_offered_food
B: no_food_available
Answer: Yes"
2026-08-16 22:11:17,1,24412,no_evident_not_good_quality_hotel,exceeded_expectation_hotel,"Task: decide if Proposition B contradicts Assumption A.

Steps:
1. A defends a claim (strip ""no_evident_not_"" / ""have_evident_"" to see it).
2. B states a fact.
3. Does B disprove A's claim? Same specific issue only, not just same topic.

Output pattern (always use this exact shape):
A: <phrase>
B: <phrase>
Answer: Yes/No

Examples:

A: no_evident_not_easy_check-in
B: customer_wait_10_minute_for_greet
Answer: Yes

A: no_evident_not_easy_check-in
B: no_one_give_key_on_late_check-in
Answer: No

A: no_evident_not_great_quality
B: shampoo_seem_cheap_considering_hotel_cost
Answer: Yes

A: no_evident_not_great_quality
B: expensive_hotel
Answer: No

Now answer for this pair. Output ONLY the final line ""Answer: Yes"" or ""Answer: No"" — no other text.

A: no_evident_not_good_quality_hotel
B: exceeded_expectation_hotel
Answer:
","A: no_evident_not_good_quality_hotel
B: exceeded_expectation_hotel
Answer: No"
2026-08-16 22:11:17,1,18395,no_evident_not_hotel_received_package_prior_arrival,fantastic_service,"Task: decide if Proposition B contradicts Assumption A.

Steps:
1. A defends a claim (strip ""no_evident_not_"" / ""have_evident_"" to see it).
2. B states a fact.
3. Does B disprove A's claim? Same specific issue only, not just same topic.

Output pattern (always use this exact shape):
A: <phrase>
B: <phrase>
Answer: Yes/No

Examples:

A: no_evident_not_easy_check-in
B: customer_wait_10_minute_for_greet
Answer: Yes

A: no_evident_not_easy_check-in
B: no_one_give_key_on_late_check-in
Answer: No

A: no_evident_not_great_quality
B: shampoo_seem_cheap_considering_hotel_cost
Answer: Yes

A: no_evident_not_great_quality
B: expensive_hotel
Answer: No

Now answer for this pair. Output ONLY the final line ""Answer: Yes"" or ""Answer: No"" — no other text.

A: no_evident_not_hotel_received_package_prior_arrival
B: fantastic_service
Answer:
","A: no_evident_not_hotel_received_package_prior_arrival
B: hotel_provide_package_before_arrival
Answer: Yes"
2026-08-16 22:11:17,1,17662,no_evident_not_5_star_hotel,modern_hotel,"Task: decide if Proposition B contradicts Assumption A.

Steps:
1. A defends a claim (strip ""no_evident_not_"" / ""have_evident_"" to see it).
2. B states a fact.
3. Does B disprove A's claim? Same specific issue only, not just same topic.

Output pattern (always use this exact shape):
A: <phrase>
B: <phrase>
Answer: Yes/No

Examples:

A: no_evident_not_easy_check-in
B: customer_wait_10_minute_for_greet
Answer: Yes

A: no_evident_not_easy_check-in
B: no_one_give_key_on_late_check-in
Answer: No

A: no_evident_not_great_quality
B: shampoo_seem_cheap_considering_hotel_cost
Answer: Yes

A: no_evident_not_great_quality
B: expensive_hotel
Answer: No

Now answer for this pair. Output ONLY the final line ""Answer: Yes"" or ""Answer: No"" — no other text.

A: no_evident_not_5_star_hotel
B: modern_hotel
Answer:
",Answer: No
2026-08-16 22:11:18,1,8610,no_evident_not_fresh_hotel,aesthetic_hotel,"Task: decide if Proposition B contradicts Assumption A.

Steps:
1. A defends a claim (strip ""no_evident_not_"" / ""have_evident_"" to see it).
2. B states a fact.
3. Does B disprove A's claim? Same specific issue only, not just same topic.

Output pattern (always use this exact shape):
A: <phrase>
B: <phrase>
Answer: Yes/No

Examples:

A: no_evident_not_easy_check-in
B: customer_wait_10_minute_for_greet
Answer: Yes

A: no_evident_not_easy_check-in
B: no_one_give_key_on_late_check-in
Answer: No

A: no_evident_not_great_quality
B: shampoo_seem_cheap_considering_hotel_cost
Answer: Yes

A: no_evident_not_great_quality
B: expensive_hotel
Answer: No

Now answer for this pair. Output ONLY the final line ""Answer: Yes"" or ""Answer: No"" — no other text.

A: no_evident_not_fresh_hotel
B: aesthetic_hotel
Answer:
","A: no_evident_not_fresh_hotel
B: aesthetic_hotel
Answer: No"
2026-08-16 22:11:18,1,24479,no_evident_not_good_quality_hotel,compact_hotel,"Task: decide if Proposition B contradicts Assumption A.

Steps:
1. A defends a claim (strip ""no_evident_not_"" / ""have_evident_"" to see it).
2. B states a fact.
3. Does B disprove A's claim? Same specific issue only, not just same topic.

Output pattern (always use this exact shape):
A: <phrase>
B: <phrase>
Answer: Yes/No

Examples:

A: no_evident_not_easy_check-in
B: customer_wait_10_minute_for_greet
Answer: Yes

A: no_evident_not_easy_check-in
B: no_one_give_key_on_late_check-in
Answer: No

A: no_evident_not_great_quality
B: shampoo_seem_cheap_considering_hotel_cost
Answer: Yes

A: no_evident_not_great_quality
B: expensive_hotel
Answer: No

Now answer for this pair. Output ONLY the final line ""Answer: Yes"" or ""Answer: No"" — no other text.

A: no_evident_not_good_quality_hotel
B: compact_hotel
Answer:
","A: no_evident_not_good_quality_hotel
B: compact_hotel
Answer: No"
2026-08-16 22:11:18,1,19156,no_evident_not_affordable_hotel,sufficient_parking,"Task: decide if Proposition B contradicts Assumption A.

Steps:
1. A defends a claim (strip ""no_evident_not_"" / ""have_evident_"" to see it).
2. B states a fact.
3. Does B disprove A's claim? Same specific issue only, not just same topic.

Output pattern (always use this exact shape):
A: <phrase>
B: <phrase>
Answer: Yes/No

Examples:

A: no_evident_not_easy_check-in
B: customer_wait_10_minute_for_greet
Answer: Yes

A: no_evident_not_easy_check-in
B: no_one_give_key_on_late_check-in
Answer: No

A: no_evident_not_great_quality
B: shampoo_seem_cheap_considering_hotel_cost
Answer: Yes

A: no_evident_not_great_quality
B: expensive_hotel
Answer: No

Now answer for this pair. Output ONLY the final line ""Answer: Yes"" or ""Answer: No"" — no other text.

A: no_evident_not_affordable_hotel
B: sufficient_parking
Answer:
",Answer: No
2026-08-16 22:11:18,1,14039,no_evident_not_lovely_family_hotel,compact_hotel,"Task: decide if Proposition B contradicts Assumption A.

Steps:
1. A defends a claim (strip ""no_evident_not_"" / ""have_evident_"" to see it).
2. B states a fact.
3. Does B disprove A's claim? Same specific issue only, not just same topic.

Output pattern (always use this exact shape):
A: <phrase>
B: <phrase>
Answer: Yes/No

Examples:

A: no_evident_not_easy_check-in
B: customer_wait_10_minute_for_greet
Answer: Yes

A: no_evident_not_easy_check-in
B: no_one_give_key_on_late_check-in
Answer: No

A: no_evident_not_great_quality
B: shampoo_seem_cheap_considering_hotel_cost
Answer: Yes

A: no_evident_not_great_quality
B: expensive_hotel
Answer: No

Now answer for this pair. Output ONLY the final line ""Answer: Yes"" or ""Answer: No"" — no other text.

A: no_evident_not_lovely_family_hotel
B: compact_hotel
Answer:
","A: no_evident_not_lovely_family_hotel
B: compact_hotel
Answer: No"
2026-08-16 22:11:19,1,29420,no_evident_not_clean_lobby,all_you_need_for_great_holiday,"Task: decide if Proposition B contradicts Assumption A.

Steps:
1. A defends a claim (strip ""no_evident_not_"" / ""have_evident_"" to see it).
2. B states a fact.
3. Does B disprove A's claim? Same specific issue only, not just same topic.

Output pattern (always use this exact shape):
A: <phrase>
B: <phrase>
Answer: Yes/No

Examples:

A: no_evident_not_easy_check-in
B: customer_wait_10_minute_for_greet
Answer: Yes

A: no_evident_not_easy_check-in
B: no_one_give_key_on_late_check-in
Answer: No

A: no_evident_not_great_quality
B: shampoo_seem_cheap_considering_hotel_cost
Answer: Yes

A: no_evident_not_great_quality
B: expensive_hotel
Answer: No

Now answer for this pair. Output ONLY the final line ""Answer: Yes"" or ""Answer: No"" — no other text.

A: no_evident_not_clean_lobby
B: all_you_need_for_great_holiday
Answer:
","A: no_evident_not_clean_lobby
B: all_you_need_for_great_holiday
Answer: No"
2026-08-16 22:11:19,1,19122,no_evident_not_affordable_hotel,contemporary_hotel,"Task: decide if Proposition B contradicts Assumption A.

Steps:
1. A defends a claim (strip ""no_evident_not_"" / ""have_evident_"" to see it).
2. B states a fact.
3. Does B disprove A's claim? Same specific issue only, not just same topic.

Output pattern (always use this exact shape):
A: <phrase>
B: <phrase>
Answer: Yes/No

Examples:

A: no_evident_not_easy_check-in
B: customer_wait_10_minute_for_greet
Answer: Yes

A: no_evident_not_easy_check-in
B: no_one_give_key_on_late_check-in
Answer: No

A: no_evident_not_great_quality
B: shampoo_seem_cheap_considering_hotel_cost
Answer: Yes

A: no_evident_not_great_quality
B: expensive_hotel
Answer: No

Now answer for this pair. Output ONLY the final line ""Answer: Yes"" or ""Answer: No"" — no other text.

A: no_evident_not_affordable_hotel
B: contemporary_hotel
Answer:
","A: no_evident_not_affordable_hotel
B: contemporary_hotel
Answer: No"
2026-08-16 22:11:20,1,13088,no_evident_not_feel_welcome_from_arrival_moment,many_free_parking_space_available_on_early_November,"Task: decide if Proposition B contradicts Assumption A.

Steps:
1. A defends a claim (strip ""no_evident_not_"" / ""have_evident_"" to see it).
2. B states a fact.
3. Does B disprove A's claim? Same specific issue only, not just same topic.

Output pattern (always use this exact shape):
A: <phrase>
B: <phrase>
Answer: Yes/No

Examples:

A: no_evident_not_easy_check-in
B: customer_wait_10_minute_for_greet
Answer: Yes

A: no_evident_not_easy_check-in
B: no_one_give_key_on_late_check-in
Answer: No

A: no_evident_not_great_quality
B: shampoo_seem_cheap_considering_hotel_cost
Answer: Yes

A: no_evident_not_great_quality
B: expensive_hotel
Answer: No

Now answer for this pair. Output ONLY the final line ""Answer: Yes"" or ""Answer: No"" — no other text.

A: no_evident_not_feel_welcome_from_arrival_moment
B: many_free_parking_space_available_on_early_November
Answer:
","A: no_evident_not_feel_welcome_from_arrival_moment
B: many_free_parking_space_available_on_early_November
Answer: No"
2026-08-16 22:11:20,1,11862,no_evident_not_clean_boutique_hotel,clean_hall,"Task: decide if Proposition B contradicts Assumption A.

Steps:
1. A defends a claim (strip ""no_evident_not_"" / ""have_evident_"" to see it).
2. B states a fact.
3. Does B disprove A's claim? Same specific issue only, not just same topic.

Output pattern (always use this exact shape):
A: <phrase>
B: <phrase>
Answer: Yes/No

Examples:

A: no_evident_not_easy_check-in
B: customer_wait_10_minute_for_greet
Answer: Yes

A: no_evident_not_easy_check-in
B: no_one_give_key_on_late_check-in
Answer: No

A: no_evident_not_great_quality
B: shampoo_seem_cheap_considering_hotel_cost
Answer: Yes

A: no_evident_not_great_quality
B: expensive_hotel
Answer: No

Now answer for this pair. Output ONLY the final line ""Answer: Yes"" or ""Answer: No"" — no other text.

A: no_evident_not_clean_boutique_hotel
B: clean_hall
Answer:
","A: no_evident_not_clean_boutique_hotel
B: clean_hall
Answer: No"
2026-08-16 22:11:20,1,7187,no_evident_not_great_hotel,can_request_for_transfer_from_airport,"Task: decide if Proposition B contradicts Assumption A.

Steps:
1. A defends a claim (strip ""no_evident_not_"" / ""have_evident_"" to see it).
2. B states a fact.
3. Does B disprove A's claim? Same specific issue only, not just same topic.

Output pattern (always use this exact shape):
A: <phrase>
B: <phrase>
Answer: Yes/No

Examples:

A: no_evident_not_easy_check-in
B: customer_wait_10_minute_for_greet
Answer: Yes

A: no_evident_not_easy_check-in
B: no_one_give_key_on_late_check-in
Answer: No

A: no_evident_not_great_quality
B: shampoo_seem_cheap_considering_hotel_cost
Answer: Yes

A: no_evident_not_great_quality
B: expensive_hotel
Answer: No

Now answer for this pair. Output ONLY the final line ""Answer: Yes"" or ""Answer: No"" — no other text.

A: no_evident_not_great_hotel
B: can_request_for_transfer_from_airport
Answer:
",Answer: No
2026-08-16 22:11:20,1,4533,no_evident_not_allow_stay_with_animal,brand_new_facility,"Task: decide if Proposition B contradicts Assumption A.

Steps:
1. A defends a claim (strip ""no_evident_not_"" / ""have_evident_"" to see it).
2. B states a fact.
3. Does B disprove A's claim? Same specific issue only, not just same topic.

Output pattern (always use this exact shape):
A: <phrase>
B: <phrase>
Answer: Yes/No

Examples:

A: no_evident_not_easy_check-in
B: customer_wait_10_minute_for_greet
Answer: Yes

A: no_evident_not_easy_check-in
B: no_one_give_key_on_late_check-in
Answer: No

A: no_evident_not_great_quality
B: shampoo_seem_cheap_considering_hotel_cost
Answer: Yes

A: no_evident_not_great_quality
B: expensive_hotel
Answer: No

Now answer for this pair. Output ONLY the final line ""Answer: Yes"" or ""Answer: No"" — no other text.

A: no_evident_not_allow_stay_with_animal
B: brand_new_facility
Answer:
","A: no_evident_not_allow_stay_with_animal
B: allow_stay_with_animal
Answer: Yes"
2026-08-16 22:11:21,1,16697,no_evident_not_just_renovated_hotel,small_hotel,"Task: decide if Proposition B contradicts Assumption A.

Steps:
1. A defends a claim (strip ""no_evident_not_"" / ""have_evident_"" to see it).
2. B states a fact.
3. Does B disprove A's claim? Same specific issue only, not just same topic.

Output pattern (always use this exact shape):
A: <phrase>
B: <phrase>
Answer: Yes/No

Examples:

A: no_evident_not_easy_check-in
B: customer_wait_10_minute_for_greet
Answer: Yes

A: no_evident_not_easy_check-in
B: no_one_give_key_on_late_check-in
Answer: No

A: no_evident_not_great_quality
B: shampoo_seem_cheap_considering_hotel_cost
Answer: Yes

A: no_evident_not_great_quality
B: expensive_hotel
Answer: No

Now answer for this pair. Output ONLY the final line ""Answer: Yes"" or ""Answer: No"" — no other text.

A: no_evident_not_just_renovated_hotel
B: small_hotel
Answer:
","A: no_evident_not_just_renovated_hotel
B: small_hotel
Answer: No"
2026-08-16 22:11:21,1,16172,no_evident_not_clear_decoration,interesting_service,"Task: decide if Proposition B contradicts Assumption A.

Steps:
1. A defends a claim (strip ""no_evident_not_"" / ""have_evident_"" to see it).
2. B states a fact.
3. Does B disprove A's claim? Same specific issue only, not just same topic.

Output pattern (always use this exact shape):
A: <phrase>
B: <phrase>
Answer: Yes/No

Examples:

A: no_evident_not_easy_check-in
B: customer_wait_10_minute_for_greet
Answer: Yes

A: no_evident_not_easy_check-in
B: no_one_give_key_on_late_check-in
Answer: No

A: no_evident_not_great_quality
B: shampoo_seem_cheap_considering_hotel_cost
Answer: Yes

A: no_evident_not_great_quality
B: expensive_hotel
Answer: No

Now answer for this pair. Output ONLY the final line ""Answer: Yes"" or ""Answer: No"" — no other text.

A: no_evident_not_clear_decoration
B: interesting_service
Answer:
","A: no_evident_not_clear_decoration
B: interesting_service
Answer: No"
2026-08-16 22:11:21,1,2979,no_evident_not_everywhere_spotless_clean,5_star_hotel,"Task: decide if Proposition B contradicts Assumption A.

Steps:
1. A defends a claim (strip ""no_evident_not_"" / ""have_evident_"" to see it).
2. B states a fact.
3. Does B disprove A's claim? Same specific issue only, not just same topic.

Output pattern (always use this exact shape):
A: <phrase>
B: <phrase>
Answer: Yes/No

Examples:

A: no_evident_not_easy_check-in
B: customer_wait_10_minute_for_greet
Answer: Yes

A: no_evident_not_easy_check-in
B: no_one_give_key_on_late_check-in
Answer: No

A: no_evident_not_great_quality
B: shampoo_seem_cheap_considering_hotel_cost
Answer: Yes

A: no_evident_not_great_quality
B: expensive_hotel
Answer: No

Now answer for this pair. Output ONLY the final line ""Answer: Yes"" or ""Answer: No"" — no other text.

A: no_evident_not_everywhere_spotless_clean
B: 5_star_hotel
Answer:
",Answer: No
2026-08-16 22:11:21,1,24766,no_evident_not_intimate_hotel,brand_new_furniture,"Task: decide if Proposition B contradicts Assumption A.

Steps:
1. A defends a claim (strip ""no_evident_not_"" / ""have_evident_"" to see it).
2. B states a fact.
3. Does B disprove A's claim? Same specific issue only, not just same topic.

Output pattern (always use this exact shape):
A: <phrase>
B: <phrase>
Answer: Yes/No

Examples:

A: no_evident_not_easy_check-in
B: customer_wait_10_minute_for_greet
Answer: Yes

A: no_evident_not_easy_check-in
B: no_one_give_key_on_late_check-in
Answer: No

A: no_evident_not_great_quality
B: shampoo_seem_cheap_considering_hotel_cost
Answer: Yes

A: no_evident_not_great_quality
B: expensive_hotel
Answer: No

Now answer for this pair. Output ONLY the final line ""Answer: Yes"" or ""Answer: No"" — no other text.

A: no_evident_not_intimate_hotel
B: brand_new_furniture
Answer:
","A: no_evident_not_intimate_hotel
B: brand_new_furniture
Answer: No"
2026-08-16 22:11:22,1,1544,no_evident_not_up_to_4*_standard,clean_facility,"Task: decide if Proposition B contradicts Assumption A.

Steps:
1. A defends a claim (strip ""no_evident_not_"" / ""have_evident_"" to see it).
2. B states a fact.
3. Does B disprove A's claim? Same specific issue only, not just same topic.

Output pattern (always use this exact shape):
A: <phrase>
B: <phrase>
Answer: Yes/No

Examples:

A: no_evident_not_easy_check-in
B: customer_wait_10_minute_for_greet
Answer: Yes

A: no_evident_not_easy_check-in
B: no_one_give_key_on_late_check-in
Answer: No

A: no_evident_not_great_quality
B: shampoo_seem_cheap_considering_hotel_cost
Answer: Yes

A: no_evident_not_great_quality
B: expensive_hotel
Answer: No

Now answer for this pair. Output ONLY the final line ""Answer: Yes"" or ""Answer: No"" — no other text.

A: no_evident_not_up_to_4*_standard
B: clean_facility
Answer:
","A: no_evident_not_up_to_4*_standard
B: clean_facility
Answer: No"
2026-08-16 22:11:22,1,28217,no_evident_not_welcoming_environment,small_hotel,"Task: decide if Proposition B contradicts Assumption A.

Steps:
1. A defends a claim (strip ""no_evident_not_"" / ""have_evident_"" to see it).
2. B states a fact.
3. Does B disprove A's claim? Same specific issue only, not just same topic.

Output pattern (always use this exact shape):
A: <phrase>
B: <phrase>
Answer: Yes/No

Examples:

A: no_evident_not_easy_check-in
B: customer_wait_10_minute_for_greet
Answer: Yes

A: no_evident_not_easy_check-in
B: no_one_give_key_on_late_check-in
Answer: No

A: no_evident_not_great_quality
B: shampoo_seem_cheap_considering_hotel_cost
Answer: Yes

A: no_evident_not_great_quality
B: expensive_hotel
Answer: No

Now answer for this pair. Output ONLY the final line ""Answer: Yes"" or ""Answer: No"" — no other text.

A: no_evident_not_welcoming_environment
B: small_hotel
Answer:
","A: no_evident_not_welcoming_environment
B: small_hotel
Answer: No"
2026-08-16 22:11:22,1,3593,no_evident_not_modern_facility,has_swimming_pool,"Task: decide if Proposition B contradicts Assumption A.

Steps:
1. A defends a claim (strip ""no_evident_not_"" / ""have_evident_"" to see it).
2. B states a fact.
3. Does B disprove A's claim? Same specific issue only, not just same topic.

Output pattern (always use this exact shape):
A: <phrase>
B: <phrase>
Answer: Yes/No

Examples:

A: no_evident_not_easy_check-in
B: customer_wait_10_minute_for_greet
Answer: Yes

A: no_evident_not_easy_check-in
B: no_one_give_key_on_late_check-in
Answer: No

A: no_evident_not_great_quality
B: shampoo_seem_cheap_considering_hotel_cost
Answer: Yes

A: no_evident_not_great_quality
B: expensive_hotel
Answer: No

Now answer for this pair. Output ONLY the final line ""Answer: Yes"" or ""Answer: No"" — no other text.

A: no_evident_not_modern_facility
B: has_swimming_pool
Answer:
","A: no_evident_not_modern_facility
B: has_swimming_pool
Answer: No"
2026-08-16 22:11:23,1,5009,no_evident_not_beautiful_inside,stunning_hotel,"Task: decide if Proposition B contradicts Assumption A.

Steps:
1. A defends a claim (strip ""no_evident_not_"" / ""have_evident_"" to see it).
2. B states a fact.
3. Does B disprove A's claim? Same specific issue only, not just same topic.

Output pattern (always use this exact shape):
A: <phrase>
B: <phrase>
Answer: Yes/No

Examples:

A: no_evident_not_easy_check-in
B: customer_wait_10_minute_for_greet
Answer: Yes

A: no_evident_not_easy_check-in
B: no_one_give_key_on_late_check-in
Answer: No

A: no_evident_not_great_quality
B: shampoo_seem_cheap_considering_hotel_cost
Answer: Yes

A: no_evident_not_great_quality
B: expensive_hotel
Answer: No

Now answer for this pair. Output ONLY the final line ""Answer: Yes"" or ""Answer: No"" — no other text.

A: no_evident_not_beautiful_inside
B: stunning_hotel
Answer:
","A: no_evident_not_beautiful_inside
B: stunning_hotel
Answer: Yes"
2026-08-16 22:11:23,1,20561,no_evident_not_pet_friendly,quiet_hotel,"Task: decide if Proposition B contradicts Assumption A.

Steps:
1. A defends a claim (strip ""no_evident_not_"" / ""have_evident_"" to see it).
2. B states a fact.
3. Does B disprove A's claim? Same specific issue only, not just same topic.

Output pattern (always use this exact shape):
A: <phrase>
B: <phrase>
Answer: Yes/No

Examples:

A: no_evident_not_easy_check-in
B: customer_wait_10_minute_for_greet
Answer: Yes

A: no_evident_not_easy_check-in
B: no_one_give_key_on_late_check-in
Answer: No

A: no_evident_not_great_quality
B: shampoo_seem_cheap_considering_hotel_cost
Answer: Yes

A: no_evident_not_great_quality
B: expensive_hotel
Answer: No

Now answer for this pair. Output ONLY the final line ""Answer: Yes"" or ""Answer: No"" — no other text.

A: no_evident_not_pet_friendly
B: quiet_hotel
Answer:
","A: no_evident_not_pet_friendly
B: quiet_hotel
Answer: No"
2026-08-16 22:11:23,1,5243,no_evident_not_everything_new,refurbished_hotel,"Task: decide if Proposition B contradicts Assumption A.

Steps:
1. A defends a claim (strip ""no_evident_not_"" / ""have_evident_"" to see it).
2. B states a fact.
3. Does B disprove A's claim? Same specific issue only, not just same topic.

Output pattern (always use this exact shape):
A: <phrase>
B: <phrase>
Answer: Yes/No

Examples:

A: no_evident_not_easy_check-in
B: customer_wait_10_minute_for_greet
Answer: Yes

A: no_evident_not_easy_check-in
B: no_one_give_key_on_late_check-in
Answer: No

A: no_evident_not_great_quality
B: shampoo_seem_cheap_considering_hotel_cost
Answer: Yes

A: no_evident_not_great_quality
B: expensive_hotel
Answer: No

Now answer for this pair. Output ONLY the final line ""Answer: Yes"" or ""Answer: No"" — no other text.

A: no_evident_not_everything_new
B: refurbished_hotel
Answer:
","A: no_evident_not_everything_new
B: refurbished_hotel
Answer: No"
2026-08-16 22:11:24,1,25955,no_evident_not_has_cozy_courtyard,fantastic_service,"Task: decide if Proposition B contradicts Assumption A.

Steps:
1. A defends a claim (strip ""no_evident_not_"" / ""have_evident_"" to see it).
2. B states a fact.
3. Does B disprove A's claim? Same specific issue only, not just same topic.

Output pattern (always use this exact shape):
A: <phrase>
B: <phrase>
Answer: Yes/No

Examples:

A: no_evident_not_easy_check-in
B: customer_wait_10_minute_for_greet
Answer: Yes

A: no_evident_not_easy_check-in
B: no_one_give_key_on_late_check-in
Answer: No

A: no_evident_not_great_quality
B: shampoo_seem_cheap_considering_hotel_cost
Answer: Yes

A: no_evident_not_great_quality
B: expensive_hotel
Answer: No

Now answer for this pair. Output ONLY the final line ""Answer: Yes"" or ""Answer: No"" — no other text.

A: no_evident_not_has_cozy_courtyard
B: fantastic_service
Answer:
","A: no_evident_not_has_cozy_courtyard
B: fantastic_service
Answer: No"
2026-08-16 22:11:24,1,22299,no_evident_not_friendly_hotel,excellent_option,"Task: decide if Proposition B contradicts Assumption A.

Steps:
1. A defends a claim (strip ""no_evident_not_"" / ""have_evident_"" to see it).
2. B states a fact.
3. Does B disprove A's claim? Same specific issue only, not just same topic.

Output pattern (always use this exact shape):
A: <phrase>
B: <phrase>
Answer: Yes/No

Examples:

A: no_evident_not_easy_check-in
B: customer_wait_10_minute_for_greet
Answer: Yes

A: no_evident_not_easy_check-in
B: no_one_give_key_on_late_check-in
Answer: No

A: no_evident_not_great_quality
B: shampoo_seem_cheap_considering_hotel_cost
Answer: Yes

A: no_evident_not_great_quality
B: expensive_hotel
Answer: No

Now answer for this pair. Output ONLY the final line ""Answer: Yes"" or ""Answer: No"" — no other text.

A: no_evident_not_friendly_hotel
B: excellent_option
Answer:
",Answer: No
2026-08-16 22:11:24,1,13834,no_evident_not_good_wifi,plenty_of_parking,"Task: decide if Proposition B contradicts Assumption A.

Steps:
1. A defends a claim (strip ""no_evident_not_"" / ""have_evident_"" to see it).
2. B states a fact.
3. Does B disprove A's claim? Same specific issue only, not just same topic.

Output pattern (always use this exact shape):
A: <phrase>
B: <phrase>
Answer: Yes/No

Examples:

A: no_evident_not_easy_check-in
B: customer_wait_10_minute_for_greet
Answer: Yes

A: no_evident_not_easy_check-in
B: no_one_give_key_on_late_check-in
Answer: No

A: no_evident_not_great_quality
B: shampoo_seem_cheap_considering_hotel_cost
Answer: Yes

A: no_evident_not_great_quality
B: expensive_hotel
Answer: No

Now answer for this pair. Output ONLY the final line ""Answer: Yes"" or ""Answer: No"" — no other text.

A: no_evident_not_good_wifi
B: plenty_of_parking
Answer:
",Answer: No
2026-08-16 22:11:24,1,19544,no_evident_not_amazing_place,clean_facility,"Task: decide if Proposition B contradicts Assumption A.

Steps:
1. A defends a claim (strip ""no_evident_not_"" / ""have_evident_"" to see it).
2. B states a fact.
3. Does B disprove A's claim? Same specific issue only, not just same topic.

Output pattern (always use this exact shape):
A: <phrase>
B: <phrase>
Answer: Yes/No

Examples:

A: no_evident_not_easy_check-in
B: customer_wait_10_minute_for_greet
Answer: Yes

A: no_evident_not_easy_check-in
B: no_one_give_key_on_late_check-in
Answer: No

A: no_evident_not_great_quality
B: shampoo_seem_cheap_considering_hotel_cost
Answer: Yes

A: no_evident_not_great_quality
B: expensive_hotel
Answer: No

Now answer for this pair. Output ONLY the final line ""Answer: Yes"" or ""Answer: No"" — no other text.

A: no_evident_not_amazing_place
B: clean_facility
Answer:
","A: no_evident_not_amazing_place
B: clean_facility
Answer: No"
2026-08-16 22:11:24,1,2082,no_evident_not_peaceful_facility,recently_renovated_interior,"Task: decide if Proposition B contradicts Assumption A.

Steps:
1. A defends a claim (strip ""no_evident_not_"" / ""have_evident_"" to see it).
2. B states a fact.
3. Does B disprove A's claim? Same specific issue only, not just same topic.

Output pattern (always use this exact shape):
A: <phrase>
B: <phrase>
Answer: Yes/No

Examples:

A: no_evident_not_easy_check-in
B: customer_wait_10_minute_for_greet
Answer: Yes

A: no_evident_not_easy_check-in
B: no_one_give_key_on_late_check-in
Answer: No

A: no_evident_not_great_quality
B: shampoo_seem_cheap_considering_hotel_cost
Answer: Yes

A: no_evident_not_great_quality
B: expensive_hotel
Answer: No

Now answer for this pair. Output ONLY the final line ""Answer: Yes"" or ""Answer: No"" — no other text.

A: no_evident_not_peaceful_facility
B: recently_renovated_interior
Answer:
","A: no_evident_not_peaceful_facility
B: recently_renovated_interior
Answer: No"
2026-08-16 22:11:25,1,12609,no_evident_not_nice_ambiance_hotel,up_to_4*_standard,"Task: decide if Proposition B contradicts Assumption A.

Steps:
1. A defends a claim (strip ""no_evident_not_"" / ""have_evident_"" to see it).
2. B states a fact.
3. Does B disprove A's claim? Same specific issue only, not just same topic.

Output pattern (always use this exact shape):
A: <phrase>
B: <phrase>
Answer: Yes/No

Examples:

A: no_evident_not_easy_check-in
B: customer_wait_10_minute_for_greet
Answer: Yes

A: no_evident_not_easy_check-in
B: no_one_give_key_on_late_check-in
Answer: No

A: no_evident_not_great_quality
B: shampoo_seem_cheap_considering_hotel_cost
Answer: Yes

A: no_evident_not_great_quality
B: expensive_hotel
Answer: No

Now answer for this pair. Output ONLY the final line ""Answer: Yes"" or ""Answer: No"" — no other text.

A: no_evident_not_nice_ambiance_hotel
B: up_to_4*_standard
Answer:
","A: no_evident_not_nice_ambiance_hotel
B: up_to_4*_standard
Answer: No"
2026-08-16 22:11:25,1,12505,no_evident_not_Christmas_vibe_hotel,comfortable_atmosphere,"Task: decide if Proposition B contradicts Assumption A.

Steps:
1. A defends a claim (strip ""no_evident_not_"" / ""have_evident_"" to see it).
2. B states a fact.
3. Does B disprove A's claim? Same specific issue only, not just same topic.

Output pattern (always use this exact shape):
A: <phrase>
B: <phrase>
Answer: Yes/No

Examples:

A: no_evident_not_easy_check-in
B: customer_wait_10_minute_for_greet
Answer: Yes

A: no_evident_not_easy_check-in
B: no_one_give_key_on_late_check-in
Answer: No

A: no_evident_not_great_quality
B: shampoo_seem_cheap_considering_hotel_cost
Answer: Yes

A: no_evident_not_great_quality
B: expensive_hotel
Answer: No

Now answer for this pair. Output ONLY the final line ""Answer: Yes"" or ""Answer: No"" — no other text.

A: no_evident_not_Christmas_vibe_hotel
B: comfortable_atmosphere
Answer:
","A: no_evident_not_Christmas_vibe_hotel
B: comfortable_atmosphere
Answer: No"
2026-08-16 22:11:25,1,19527,no_evident_not_amazing_place,excellent_inside,"Task: decide if Proposition B contradicts Assumption A.

Steps:
1. A defends a claim (strip ""no_evident_not_"" / ""have_evident_"" to see it).
2. B states a fact.
3. Does B disprove A's claim? Same specific issue only, not just same topic.

Output pattern (always use this exact shape):
A: <phrase>
B: <phrase>
Answer: Yes/No

Examples:

A: no_evident_not_easy_check-in
B: customer_wait_10_minute_for_greet
Answer: Yes

A: no_evident_not_easy_check-in
B: no_one_give_key_on_late_check-in
Answer: No

A: no_evident_not_great_quality
B: shampoo_seem_cheap_considering_hotel_cost
Answer: Yes

A: no_evident_not_great_quality
B: expensive_hotel
Answer: No

Now answer for this pair. Output ONLY the final line ""Answer: Yes"" or ""Answer: No"" — no other text.

A: no_evident_not_amazing_place
B: excellent_inside
Answer:
","A: no_evident_not_amazing_place
B: excellent_inside
Answer: No"
2026-08-16 22:11:26,1,15338,no_evident_not_family_run_hotel,well_run,"Task: decide if Proposition B contradicts Assumption A.

Steps:
1. A defends a claim (strip ""no_evident_not_"" / ""have_evident_"" to see it).
2. B states a fact.
3. Does B disprove A's claim? Same specific issue only, not just same topic.

Output pattern (always use this exact shape):
A: <phrase>
B: <phrase>
Answer: Yes/No

Examples:

A: no_evident_not_easy_check-in
B: customer_wait_10_minute_for_greet
Answer: Yes

A: no_evident_not_easy_check-in
B: no_one_give_key_on_late_check-in
Answer: No

A: no_evident_not_great_quality
B: shampoo_seem_cheap_considering_hotel_cost
Answer: Yes

A: no_evident_not_great_quality
B: expensive_hotel
Answer: No

Now answer for this pair. Output ONLY the final line ""Answer: Yes"" or ""Answer: No"" — no other text.

A: no_evident_not_family_run_hotel
B: well_run
Answer:
",Answer: No
2026-08-16 22:11:26,1,17339,no_evident_not_well_situated_hotel,basic_hotel,"Task: decide if Proposition B contradicts Assumption A.

Steps:
1. A defends a claim (strip ""no_evident_not_"" / ""have_evident_"" to see it).
2. B states a fact.
3. Does B disprove A's claim? Same specific issue only, not just same topic.

Output pattern (always use this exact shape):
A: <phrase>
B: <phrase>
Answer: Yes/No

Examples:

A: no_evident_not_easy_check-in
B: customer_wait_10_minute_for_greet
Answer: Yes

A: no_evident_not_easy_check-in
B: no_one_give_key_on_late_check-in
Answer: No

A: no_evident_not_great_quality
B: shampoo_seem_cheap_considering_hotel_cost
Answer: Yes

A: no_evident_not_great_quality
B: expensive_hotel
Answer: No

Now answer for this pair. Output ONLY the final line ""Answer: Yes"" or ""Answer: No"" — no other text.

A: no_evident_not_well_situated_hotel
B: basic_hotel
Answer:
","A: no_evident_not_well_situated_hotel
B: basic_hotel
Answer: Yes"
2026-08-16 22:11:26,1,8239,no_evident_not_offered_drink,cozy_terrace,"Task: decide if Proposition B contradicts Assumption A.

Steps:
1. A defends a claim (strip ""no_evident_not_"" / ""have_evident_"" to see it).
2. B states a fact.
3. Does B disprove A's claim? Same specific issue only, not just same topic.

Output pattern (always use this exact shape):
A: <phrase>
B: <phrase>
Answer: Yes/No

Examples:

A: no_evident_not_easy_check-in
B: customer_wait_10_minute_for_greet
Answer: Yes

A: no_evident_not_easy_check-in
B: no_one_give_key_on_late_check-in
Answer: No

A: no_evident_not_great_quality
B: shampoo_seem_cheap_considering_hotel_cost
Answer: Yes

A: no_evident_not_great_quality
B: expensive_hotel
Answer: No

Now answer for this pair. Output ONLY the final line ""Answer: Yes"" or ""Answer: No"" — no other text.

A: no_evident_not_offered_drink
B: cozy_terrace
Answer:
","A: no_evident_not_offered_drink
B: no_drink_offered
Answer: Yes"
2026-08-16 22:11:27,1,31821,no_evident_not_all_furniture_new,able_to_bring_dog,"Task: decide if Proposition B contradicts Assumption A.

Steps:
1. A defends a claim (strip ""no_evident_not_"" / ""have_evident_"" to see it).
2. B states a fact.
3. Does B disprove A's claim? Same specific issue only, not just same topic.

Output pattern (always use this exact shape):
A: <phrase>
B: <phrase>
Answer: Yes/No

Examples:

A: no_evident_not_easy_check-in
B: customer_wait_10_minute_for_greet
Answer: Yes

A: no_evident_not_easy_check-in
B: no_one_give_key_on_late_check-in
Answer: No

A: no_evident_not_great_quality
B: shampoo_seem_cheap_considering_hotel_cost
Answer: Yes

A: no_evident_not_great_quality
B: expensive_hotel
Answer: No

Now answer for this pair. Output ONLY the final line ""Answer: Yes"" or ""Answer: No"" — no other text.

A: no_evident_not_all_furniture_new
B: able_to_bring_dog
Answer:
","A: no_evident_not_all_furniture_new
B: able_to_bring_dog
Answer: No"
2026-08-16 22:11:27,1,18129,no_evident_not_clear_interior,open_air_car_park,"Task: decide if Proposition B contradicts Assumption A.

Steps:
1. A defends a claim (strip ""no_evident_not_"" / ""have_evident_"" to see it).
2. B states a fact.
3. Does B disprove A's claim? Same specific issue only, not just same topic.

Output pattern (always use this exact shape):
A: <phrase>
B: <phrase>
Answer: Yes/No

Examples:

A: no_evident_not_easy_check-in
B: customer_wait_10_minute_for_greet
Answer: Yes

A: no_evident_not_easy_check-in
B: no_one_give_key_on_late_check-in
Answer: No

A: no_evident_not_great_quality
B: shampoo_seem_cheap_considering_hotel_cost
Answer: Yes

A: no_evident_not_great_quality
B: expensive_hotel
Answer: No

Now answer for this pair. Output ONLY the final line ""Answer: Yes"" or ""Answer: No"" — no other text.

A: no_evident_not_clear_interior
B: open_air_car_park
Answer:
","A: no_evident_not_clear_interior
B: open_air_car_park
Answer: No"
2026-08-16 22:11:27,1,28207,no_evident_not_welcoming_environment,same_as_photo,"Task: decide if Proposition B contradicts Assumption A.

Steps:
1. A defends a claim (strip ""no_evident_not_"" / ""have_evident_"" to see it).
2. B states a fact.
3. Does B disprove A's claim? Same specific issue only, not just same topic.

Output pattern (always use this exact shape):
A: <phrase>
B: <phrase>
Answer: Yes/No

Examples:

A: no_evident_not_easy_check-in
B: customer_wait_10_minute_for_greet
Answer: Yes

A: no_evident_not_easy_check-in
B: no_one_give_key_on_late_check-in
Answer: No

A: no_evident_not_great_quality
B: shampoo_seem_cheap_considering_hotel_cost
Answer: Yes

A: no_evident_not_great_quality
B: expensive_hotel
Answer: No

Now answer for this pair. Output ONLY the final line ""Answer: Yes"" or ""Answer: No"" — no other text.

A: no_evident_not_welcoming_environment
B: same_as_photo
Answer:
","A: no_evident_not_welcoming_environment
B: same_as_photo
Answer: No"
2026-08-16 22:11:28,1,30882,no_evident_not_surprise_with_swimming_pool,recently_renovated_interior,"Task: decide if Proposition B contradicts Assumption A.

Steps:
1. A defends a claim (strip ""no_evident_not_"" / ""have_evident_"" to see it).
2. B states a fact.
3. Does B disprove A's claim? Same specific issue only, not just same topic.

Output pattern (always use this exact shape):
A: <phrase>
B: <phrase>
Answer: Yes/No

Examples:

A: no_evident_not_easy_check-in
B: customer_wait_10_minute_for_greet
Answer: Yes

A: no_evident_not_easy_check-in
B: no_one_give_key_on_late_check-in
Answer: No

A: no_evident_not_great_quality
B: shampoo_seem_cheap_considering_hotel_cost
Answer: Yes

A: no_evident_not_great_quality
B: expensive_hotel
Answer: No

Now answer for this pair. Output ONLY the final line ""Answer: Yes"" or ""Answer: No"" — no other text.

A: no_evident_not_surprise_with_swimming_pool
B: recently_renovated_interior
Answer:
","A: no_evident_not_surprise_with_swimming_pool
B: recently_renovated_interior
Answer: No"
2026-08-16 22:11:28,1,377,no_evident_not_family_atmosphere_hotel,everywhere_spotless_clean,"Task: decide if Proposition B contradicts Assumption A.

Steps:
1. A defends a claim (strip ""no_evident_not_"" / ""have_evident_"" to see it).
2. B states a fact.
3. Does B disprove A's claim? Same specific issue only, not just same topic.

Output pattern (always use this exact shape):
A: <phrase>
B: <phrase>
Answer: Yes/No

Examples:

A: no_evident_not_easy_check-in
B: customer_wait_10_minute_for_greet
Answer: Yes

A: no_evident_not_easy_check-in
B: no_one_give_key_on_late_check-in
Answer: No

A: no_evident_not_great_quality
B: shampoo_seem_cheap_considering_hotel_cost
Answer: Yes

A: no_evident_not_great_quality
B: expensive_hotel
Answer: No

Now answer for this pair. Output ONLY the final line ""Answer: Yes"" or ""Answer: No"" — no other text.

A: no_evident_not_family_atmosphere_hotel
B: everywhere_spotless_clean
Answer:
","A: no_evident_not_family_atmosphere_hotel
B: everywhere_spotless_clean
Answer: No"
2026-08-16 22:11:28,1,22292,no_evident_not_friendly_hotel,interesting_service,"Task: decide if Proposition B contradicts Assumption A.

Steps:
1. A defends a claim (strip ""no_evident_not_"" / ""have_evident_"" to see it).
2. B states a fact.
3. Does B disprove A's claim? Same specific issue only, not just same topic.

Output pattern (always use this exact shape):
A: <phrase>
B: <phrase>
Answer: Yes/No

Examples:

A: no_evident_not_easy_check-in
B: customer_wait_10_minute_for_greet
Answer: Yes

A: no_evident_not_easy_check-in
B: no_one_give_key_on_late_check-in
Answer: No

A: no_evident_not_great_quality
B: shampoo_seem_cheap_considering_hotel_cost
Answer: Yes

A: no_evident_not_great_quality
B: expensive_hotel
Answer: No

Now answer for this pair. Output ONLY the final line ""Answer: Yes"" or ""Answer: No"" — no other text.

A: no_evident_not_friendly_hotel
B: interesting_service
Answer:
",Answer: No
2026-08-16 22:11:28,1,23617,no_evident_not_nice_facility,amazing_hotel,"Task: decide if Proposition B contradicts Assumption A.

Steps:
1. A defends a claim (strip ""no_evident_not_"" / ""have_evident_"" to see it).
2. B states a fact.
3. Does B disprove A's claim? Same specific issue only, not just same topic.

Output pattern (always use this exact shape):
A: <phrase>
B: <phrase>
Answer: Yes/No

Examples:

A: no_evident_not_easy_check-in
B: customer_wait_10_minute_for_greet
Answer: Yes

A: no_evident_not_easy_check-in
B: no_one_give_key_on_late_check-in
Answer: No

A: no_evident_not_great_quality
B: shampoo_seem_cheap_considering_hotel_cost
Answer: Yes

A: no_evident_not_great_quality
B: expensive_hotel
Answer: No

Now answer for this pair. Output ONLY the final line ""Answer: Yes"" or ""Answer: No"" — no other text.

A: no_evident_not_nice_facility
B: amazing_hotel
Answer:
",Answer: Yes
2026-08-16 22:11:28,1,3754,no_evident_not_spacious_hotel,plenty_of_parking,"Task: decide if Proposition B contradicts Assumption A.

Steps:
1. A defends a claim (strip ""no_evident_not_"" / ""have_evident_"" to see it).
2. B states a fact.
3. Does B disprove A's claim? Same specific issue only, not just same topic.

Output pattern (always use this exact shape):
A: <phrase>
B: <phrase>
Answer: Yes/No

Examples:

A: no_evident_not_easy_check-in
B: customer_wait_10_minute_for_greet
Answer: Yes

A: no_evident_not_easy_check-in
B: no_one_give_key_on_late_check-in
Answer: No

A: no_evident_not_great_quality
B: shampoo_seem_cheap_considering_hotel_cost
Answer: Yes

A: no_evident_not_great_quality
B: expensive_hotel
Answer: No

Now answer for this pair. Output ONLY the final line ""Answer: Yes"" or ""Answer: No"" — no other text.

A: no_evident_not_spacious_hotel
B: plenty_of_parking
Answer:
",Answer: No
2026-08-16 22:11:29,1,22339,no_evident_not_cleanest_hotel_in_Cyprus,lovely_little_hotel,"Task: decide if Proposition B contradicts Assumption A.

Steps:
1. A defends a claim (strip ""no_evident_not_"" / ""have_evident_"" to see it).
2. B states a fact.
3. Does B disprove A's claim? Same specific issue only, not just same topic.

Output pattern (always use this exact shape):
A: <phrase>
B: <phrase>
Answer: Yes/No

Examples:

A: no_evident_not_easy_check-in
B: customer_wait_10_minute_for_greet
Answer: Yes

A: no_evident_not_easy_check-in
B: no_one_give_key_on_late_check-in
Answer: No

A: no_evident_not_great_quality
B: shampoo_seem_cheap_considering_hotel_cost
Answer: Yes

A: no_evident_not_great_quality
B: expensive_hotel
Answer: No

Now answer for this pair. Output ONLY the final line ""Answer: Yes"" or ""Answer: No"" — no other text.

A: no_evident_not_cleanest_hotel_in_Cyprus
B: lovely_little_hotel
Answer:
","A: no_evident_not_cleanest_hotel_in_Cyprus
B: lovely_little_hotel
Answer: No"
2026-08-16 22:11:29,1,28993,no_evident_not_clean_hall,clean_hotel,"Task: decide if Proposition B contradicts Assumption A.

Steps:
1. A defends a claim (strip ""no_evident_not_"" / ""have_evident_"" to see it).
2. B states a fact.
3. Does B disprove A's claim? Same specific issue only, not just same topic.

Output pattern (always use this exact shape):
A: <phrase>
B: <phrase>
Answer: Yes/No

Examples:

A: no_evident_not_easy_check-in
B: customer_wait_10_minute_for_greet
Answer: Yes

A: no_evident_not_easy_check-in
B: no_one_give_key_on_late_check-in
Answer: No

A: no_evident_not_great_quality
B: shampoo_seem_cheap_considering_hotel_cost
Answer: Yes

A: no_evident_not_great_quality
B: expensive_hotel
Answer: No

Now answer for this pair. Output ONLY the final line ""Answer: Yes"" or ""Answer: No"" — no other text.

A: no_evident_not_clean_hall
B: clean_hotel
Answer:
","A: no_evident_not_clean_hall
B: clean_hotel
Answer: No"
2026-08-16 22:11:29,1,17596,no_evident_not_easy_hotel,good_quality_hotel,"Task: decide if Proposition B contradicts Assumption A.

Steps:
1. A defends a claim (strip ""no_evident_not_"" / ""have_evident_"" to see it).
2. B states a fact.
3. Does B disprove A's claim? Same specific issue only, not just same topic.

Output pattern (always use this exact shape):
A: <phrase>
B: <phrase>
Answer: Yes/No

Examples:

A: no_evident_not_easy_check-in
B: customer_wait_10_minute_for_greet
Answer: Yes

A: no_evident_not_easy_check-in
B: no_one_give_key_on_late_check-in
Answer: No

A: no_evident_not_great_quality
B: shampoo_seem_cheap_considering_hotel_cost
Answer: Yes

A: no_evident_not_great_quality
B: expensive_hotel
Answer: No

Now answer for this pair. Output ONLY the final line ""Answer: Yes"" or ""Answer: No"" — no other text.

A: no_evident_not_easy_hotel
B: good_quality_hotel
Answer:
",Answer: Yes
2026-08-16 22:11:29,1,24605,no_evident_not_small_hotel,cleanest_hotel_in_Cyprus,"Task: decide if Proposition B contradicts Assumption A.

Steps:
1. A defends a claim (strip ""no_evident_not_"" / ""have_evident_"" to see it).
2. B states a fact.
3. Does B disprove A's claim? Same specific issue only, not just same topic.

Output pattern (always use this exact shape):
A: <phrase>
B: <phrase>
Answer: Yes/No

Examples:

A: no_evident_not_easy_check-in
B: customer_wait_10_minute_for_greet
Answer: Yes

A: no_evident_not_easy_check-in
B: no_one_give_key_on_late_check-in
Answer: No

A: no_evident_not_great_quality
B: shampoo_seem_cheap_considering_hotel_cost
Answer: Yes

A: no_evident_not_great_quality
B: expensive_hotel
Answer: No

Now answer for this pair. Output ONLY the final line ""Answer: Yes"" or ""Answer: No"" — no other text.

A: no_evident_not_small_hotel
B: cleanest_hotel_in_Cyprus
Answer:
","A: no_evident_not_small_hotel
B: cleanest_hotel_in_Cyprus
Answer: No"
2026-08-16 22:11:30,1,8744,no_evident_not_beautifully_kept_hotel,clean_facility,"Task: decide if Proposition B contradicts Assumption A.

Steps:
1. A defends a claim (strip ""no_evident_not_"" / ""have_evident_"" to see it).
2. B states a fact.
3. Does B disprove A's claim? Same specific issue only, not just same topic.

Output pattern (always use this exact shape):
A: <phrase>
B: <phrase>
Answer: Yes/No

Examples:

A: no_evident_not_easy_check-in
B: customer_wait_10_minute_for_greet
Answer: Yes

A: no_evident_not_easy_check-in
B: no_one_give_key_on_late_check-in
Answer: No

A: no_evident_not_great_quality
B: shampoo_seem_cheap_considering_hotel_cost
Answer: Yes

A: no_evident_not_great_quality
B: expensive_hotel
Answer: No

Now answer for this pair. Output ONLY the final line ""Answer: Yes"" or ""Answer: No"" — no other text.

A: no_evident_not_beautifully_kept_hotel
B: clean_facility
Answer:
","A: no_evident_not_beautifully_kept_hotel
B: clean_facility
Answer: No"
2026-08-16 22:11:30,1,25186,no_evident_not_has_parking_next_to_hotel,has_parking_in_hotel_area,"Task: decide if Proposition B contradicts Assumption A.

Steps:
1. A defends a claim (strip ""no_evident_not_"" / ""have_evident_"" to see it).
2. B states a fact.
3. Does B disprove A's claim? Same specific issue only, not just same topic.

Output pattern (always use this exact shape):
A: <phrase>
B: <phrase>
Answer: Yes/No

Examples:

A: no_evident_not_easy_check-in
B: customer_wait_10_minute_for_greet
Answer: Yes

A: no_evident_not_easy_check-in
B: no_one_give_key_on_late_check-in
Answer: No

A: no_evident_not_great_quality
B: shampoo_seem_cheap_considering_hotel_cost
Answer: Yes

A: no_evident_not_great_quality
B: expensive_hotel
Answer: No

Now answer for this pair. Output ONLY the final line ""Answer: Yes"" or ""Answer: No"" — no other text.

A: no_evident_not_has_parking_next_to_hotel
B: has_parking_in_hotel_area
Answer:
",Answer: No
2026-08-16 22:11:30,1,21004,no_evident_not_spotless_hotel,friendly_hotel,"Task: decide if Proposition B contradicts Assumption A.

Steps:
1. A defends a claim (strip ""no_evident_not_"" / ""have_evident_"" to see it).
2. B states a fact.
3. Does B disprove A's claim? Same specific issue only, not just same topic.

Output pattern (always use this exact shape):
A: <phrase>
B: <phrase>
Answer: Yes/No

Examples:

A: no_evident_not_easy_check-in
B: customer_wait_10_minute_for_greet
Answer: Yes

A: no_evident_not_easy_check-in
B: no_one_give_key_on_late_check-in
Answer: No

A: no_evident_not_great_quality
B: shampoo_seem_cheap_considering_hotel_cost
Answer: Yes

A: no_evident_not_great_quality
B: expensive_hotel
Answer: No

Now answer for this pair. Output ONLY the final line ""Answer: Yes"" or ""Answer: No"" — no other text.

A: no_evident_not_spotless_hotel
B: friendly_hotel
Answer:
","A: no_evident_not_spotless_hotel
B: friendly_hotel
Answer: No"
2026-08-16 22:11:30,1,11147,no_evident_not_flexible_with_our_schedule,can_request_for_transfer_from_airport,"Task: decide if Proposition B contradicts Assumption A.

Steps:
1. A defends a claim (strip ""no_evident_not_"" / ""have_evident_"" to see it).
2. B states a fact.
3. Does B disprove A's claim? Same specific issue only, not just same topic.

Output pattern (always use this exact shape):
A: <phrase>
B: <phrase>
Answer: Yes/No

Examples:

A: no_evident_not_easy_check-in
B: customer_wait_10_minute_for_greet
Answer: Yes

A: no_evident_not_easy_check-in
B: no_one_give_key_on_late_check-in
Answer: No

A: no_evident_not_great_quality
B: shampoo_seem_cheap_considering_hotel_cost
Answer: Yes

A: no_evident_not_great_quality
B: expensive_hotel
Answer: No

Now answer for this pair. Output ONLY the final line ""Answer: Yes"" or ""Answer: No"" — no other text.

A: no_evident_not_flexible_with_our_schedule
B: can_request_for_transfer_from_airport
Answer:
",Answer: No
2026-08-16 22:11:30,1,3656,no_evident_not_spacious_hotel,family_run_small_hotel,"Task: decide if Proposition B contradicts Assumption A.

Steps:
1. A defends a claim (strip ""no_evident_not_"" / ""have_evident_"" to see it).
2. B states a fact.
3. Does B disprove A's claim? Same specific issue only, not just same topic.

Output pattern (always use this exact shape):
A: <phrase>
B: <phrase>
Answer: Yes/No

Examples:

A: no_evident_not_easy_check-in
B: customer_wait_10_minute_for_greet
Answer: Yes

A: no_evident_not_easy_check-in
B: no_one_give_key_on_late_check-in
Answer: No

A: no_evident_not_great_quality
B: shampoo_seem_cheap_considering_hotel_cost
Answer: Yes

A: no_evident_not_great_quality
B: expensive_hotel
Answer: No

Now answer for this pair. Output ONLY the final line ""Answer: Yes"" or ""Answer: No"" — no other text.

A: no_evident_not_spacious_hotel
B: family_run_small_hotel
Answer:
","A: no_evident_not_spacious_hotel
B: family_run_small_hotel
Answer: Yes"
2026-08-16 22:11:30,1,9618,no_evident_not_comfortable_lobby,lovely_family_hotel,"Task: decide if Proposition B contradicts Assumption A.

Steps:
1. A defends a claim (strip ""no_evident_not_"" / ""have_evident_"" to see it).
2. B states a fact.
3. Does B disprove A's claim? Same specific issue only, not just same topic.

Output pattern (always use this exact shape):
A: <phrase>
B: <phrase>
Answer: Yes/No

Examples:

A: no_evident_not_easy_check-in
B: customer_wait_10_minute_for_greet
Answer: Yes

A: no_evident_not_easy_check-in
B: no_one_give_key_on_late_check-in
Answer: No

A: no_evident_not_great_quality
B: shampoo_seem_cheap_considering_hotel_cost
Answer: Yes

A: no_evident_not_great_quality
B: expensive_hotel
Answer: No

Now answer for this pair. Output ONLY the final line ""Answer: Yes"" or ""Answer: No"" — no other text.

A: no_evident_not_comfortable_lobby
B: lovely_family_hotel
Answer:
",Answer: No
2026-08-16 22:11:31,1,14247,no_evident_not_all_you_need_for_great_holiday,clean_inside,"Task: decide if Proposition B contradicts Assumption A.

Steps:
1. A defends a claim (strip ""no_evident_not_"" / ""have_evident_"" to see it).
2. B states a fact.
3. Does B disprove A's claim? Same specific issue only, not just same topic.

Output pattern (always use this exact shape):
A: <phrase>
B: <phrase>
Answer: Yes/No

Examples:

A: no_evident_not_easy_check-in
B: customer_wait_10_minute_for_greet
Answer: Yes

A: no_evident_not_easy_check-in
B: no_one_give_key_on_late_check-in
Answer: No

A: no_evident_not_great_quality
B: shampoo_seem_cheap_considering_hotel_cost
Answer: Yes

A: no_evident_not_great_quality
B: expensive_hotel
Answer: No

Now answer for this pair. Output ONLY the final line ""Answer: Yes"" or ""Answer: No"" — no other text.

A: no_evident_not_all_you_need_for_great_holiday
B: clean_inside
Answer:
","A: no_evident_not_all_you_need_for_great_holiday
B: clean_inside
Answer: No"
2026-08-16 22:11:31,1,5183,no_evident_not_fantastic_hotel,newly_refurbished_hotel,"Task: decide if Proposition B contradicts Assumption A.

Steps:
1. A defends a claim (strip ""no_evident_not_"" / ""have_evident_"" to see it).
2. B states a fact.
3. Does B disprove A's claim? Same specific issue only, not just same topic.

Output pattern (always use this exact shape):
A: <phrase>
B: <phrase>
Answer: Yes/No

Examples:

A: no_evident_not_easy_check-in
B: customer_wait_10_minute_for_greet
Answer: Yes

A: no_evident_not_easy_check-in
B: no_one_give_key_on_late_check-in
Answer: No

A: no_evident_not_great_quality
B: shampoo_seem_cheap_considering_hotel_cost
Answer: Yes

A: no_evident_not_great_quality
B: expensive_hotel
Answer: No

Now answer for this pair. Output ONLY the final line ""Answer: Yes"" or ""Answer: No"" — no other text.

A: no_evident_not_fantastic_hotel
B: newly_refurbished_hotel
Answer:
","A: no_evident_not_fantastic_hotel
B: newly_refurbished_hotel
Answer: No"
2026-08-16 22:11:31,1,14868,no_evident_not_best_hotel,recently_renovated_hotel,"Task: decide if Proposition B contradicts Assumption A.

Steps:
1. A defends a claim (strip ""no_evident_not_"" / ""have_evident_"" to see it).
2. B states a fact.
3. Does B disprove A's claim? Same specific issue only, not just same topic.

Output pattern (always use this exact shape):
A: <phrase>
B: <phrase>
Answer: Yes/No

Examples:

A: no_evident_not_easy_check-in
B: customer_wait_10_minute_for_greet
Answer: Yes

A: no_evident_not_easy_check-in
B: no_one_give_key_on_late_check-in
Answer: No

A: no_evident_not_great_quality
B: shampoo_seem_cheap_considering_hotel_cost
Answer: Yes

A: no_evident_not_great_quality
B: expensive_hotel
Answer: No

Now answer for this pair. Output ONLY the final line ""Answer: Yes"" or ""Answer: No"" — no other text.

A: no_evident_not_best_hotel
B: recently_renovated_hotel
Answer:
","A: no_evident_not_best_hotel
B: recently_renovated_hotel
Answer: No"
2026-08-16 22:11:32,1,107,no_evident_not_new_hotel,affordable_hotel,"Task: decide if Proposition B contradicts Assumption A.

Steps:
1. A defends a claim (strip ""no_evident_not_"" / ""have_evident_"" to see it).
2. B states a fact.
3. Does B disprove A's claim? Same specific issue only, not just same topic.

Output pattern (always use this exact shape):
A: <phrase>
B: <phrase>
Answer: Yes/No

Examples:

A: no_evident_not_easy_check-in
B: customer_wait_10_minute_for_greet
Answer: Yes

A: no_evident_not_easy_check-in
B: no_one_give_key_on_late_check-in
Answer: No

A: no_evident_not_great_quality
B: shampoo_seem_cheap_considering_hotel_cost
Answer: Yes

A: no_evident_not_great_quality
B: expensive_hotel
Answer: No

Now answer for this pair. Output ONLY the final line ""Answer: Yes"" or ""Answer: No"" — no other text.

A: no_evident_not_new_hotel
B: affordable_hotel
Answer:
",Answer: Yes
2026-08-16 22:11:32,1,31255,no_evident_not_completely_redone_hotel,pet_friendly,"Task: decide if Proposition B contradicts Assumption A.

Steps:
1. A defends a claim (strip ""no_evident_not_"" / ""have_evident_"" to see it).
2. B states a fact.
3. Does B disprove A's claim? Same specific issue only, not just same topic.

Output pattern (always use this exact shape):
A: <phrase>
B: <phrase>
Answer: Yes/No

Examples:

A: no_evident_not_easy_check-in
B: customer_wait_10_minute_for_greet
Answer: Yes

A: no_evident_not_easy_check-in
B: no_one_give_key_on_late_check-in
Answer: No

A: no_evident_not_great_quality
B: shampoo_seem_cheap_considering_hotel_cost
Answer: Yes

A: no_evident_not_great_quality
B: expensive_hotel
Answer: No

Now answer for this pair. Output ONLY the final line ""Answer: Yes"" or ""Answer: No"" — no other text.

A: no_evident_not_completely_redone_hotel
B: pet_friendly
Answer:
","A: no_evident_not_completely_redone_hotel
B: pet_friendly
Answer: No"
2026-08-16 22:11:32,1,23662,no_evident_not_nice_facility,spotlessly_clean,"Task: decide if Proposition B contradicts Assumption A.

Steps:
1. A defends a claim (strip ""no_evident_not_"" / ""have_evident_"" to see it).
2. B states a fact.
3. Does B disprove A's claim? Same specific issue only, not just same topic.

Output pattern (always use this exact shape):
A: <phrase>
B: <phrase>
Answer: Yes/No

Examples:

A: no_evident_not_easy_check-in
B: customer_wait_10_minute_for_greet
Answer: Yes

A: no_evident_not_easy_check-in
B: no_one_give_key_on_late_check-in
Answer: No

A: no_evident_not_great_quality
B: shampoo_seem_cheap_considering_hotel_cost
Answer: Yes

A: no_evident_not_great_quality
B: expensive_hotel
Answer: No

Now answer for this pair. Output ONLY the final line ""Answer: Yes"" or ""Answer: No"" — no other text.

A: no_evident_not_nice_facility
B: spotlessly_clean
Answer:
","A: no_evident_not_nice_facility
B: spotlessly_clean
Answer: No"
2026-08-16 22:11:33,1,28700,no_evident_not_clean_street_terrace,all_you_need_for_great_holiday,"Task: decide if Proposition B contradicts Assumption A.

Steps:
1. A defends a claim (strip ""no_evident_not_"" / ""have_evident_"" to see it).
2. B states a fact.
3. Does B disprove A's claim? Same specific issue only, not just same topic.

Output pattern (always use this exact shape):
A: <phrase>
B: <phrase>
Answer: Yes/No

Examples:

A: no_evident_not_easy_check-in
B: customer_wait_10_minute_for_greet
Answer: Yes

A: no_evident_not_easy_check-in
B: no_one_give_key_on_late_check-in
Answer: No

A: no_evident_not_great_quality
B: shampoo_seem_cheap_considering_hotel_cost
Answer: Yes

A: no_evident_not_great_quality
B: expensive_hotel
Answer: No

Now answer for this pair. Output ONLY the final line ""Answer: Yes"" or ""Answer: No"" — no other text.

A: no_evident_not_clean_street_terrace
B: all_you_need_for_great_holiday
Answer:
","A: no_evident_not_clean_street_terrace
B: all_you_need_for_great_holiday
Answer: No"
2026-08-16 22:11:33,1,23583,no_evident_not_nice_facility,family_atmosphere_hotel,"Task: decide if Proposition B contradicts Assumption A.

Steps:
1. A defends a claim (strip ""no_evident_not_"" / ""have_evident_"" to see it).
2. B states a fact.
3. Does B disprove A's claim? Same specific issue only, not just same topic.

Output pattern (always use this exact shape):
A: <phrase>
B: <phrase>
Answer: Yes/No

Examples:

A: no_evident_not_easy_check-in
B: customer_wait_10_minute_for_greet
Answer: Yes

A: no_evident_not_easy_check-in
B: no_one_give_key_on_late_check-in
Answer: No

A: no_evident_not_great_quality
B: shampoo_seem_cheap_considering_hotel_cost
Answer: Yes

A: no_evident_not_great_quality
B: expensive_hotel
Answer: No

Now answer for this pair. Output ONLY the final line ""Answer: Yes"" or ""Answer: No"" — no other text.

A: no_evident_not_nice_facility
B: family_atmosphere_hotel
Answer:
","A: no_evident_not_nice_facility
B: family_atmosphere_hotel
Answer: No"
2026-08-16 22:11:33,1,8631,no_evident_not_fresh_hotel,stylish_hotel,"Task: decide if Proposition B contradicts Assumption A.

Steps:
1. A defends a claim (strip ""no_evident_not_"" / ""have_evident_"" to see it).
2. B states a fact.
3. Does B disprove A's claim? Same specific issue only, not just same topic.

Output pattern (always use this exact shape):
A: <phrase>
B: <phrase>
Answer: Yes/No

Examples:

A: no_evident_not_easy_check-in
B: customer_wait_10_minute_for_greet
Answer: Yes

A: no_evident_not_easy_check-in
B: no_one_give_key_on_late_check-in
Answer: No

A: no_evident_not_great_quality
B: shampoo_seem_cheap_considering_hotel_cost
Answer: Yes

A: no_evident_not_great_quality
B: expensive_hotel
Answer: No

Now answer for this pair. Output ONLY the final line ""Answer: Yes"" or ""Answer: No"" — no other text.

A: no_evident_not_fresh_hotel
B: stylish_hotel
Answer:
","A: no_evident_not_fresh_hotel
B: stylish_hotel
Answer: No"
2026-08-16 22:11:34,1,31847,no_evident_not_all_furniture_new,can_request_for_transfer_from_airport,"Task: decide if Proposition B contradicts Assumption A.

Steps:
1. A defends a claim (strip ""no_evident_not_"" / ""have_evident_"" to see it).
2. B states a fact.
3. Does B disprove A's claim? Same specific issue only, not just same topic.

Output pattern (always use this exact shape):
A: <phrase>
B: <phrase>
Answer: Yes/No

Examples:

A: no_evident_not_easy_check-in
B: customer_wait_10_minute_for_greet
Answer: Yes

A: no_evident_not_easy_check-in
B: no_one_give_key_on_late_check-in
Answer: No

A: no_evident_not_great_quality
B: shampoo_seem_cheap_considering_hotel_cost
Answer: Yes

A: no_evident_not_great_quality
B: expensive_hotel
Answer: No

Now answer for this pair. Output ONLY the final line ""Answer: Yes"" or ""Answer: No"" — no other text.

A: no_evident_not_all_furniture_new
B: can_request_for_transfer_from_airport
Answer:
","A: no_evident_not_all_furniture_new
B: can_request_for_transfer_from_airport
Answer: No"
2026-08-16 22:11:34,1,16404,no_evident_not_nice_atmosphere,recently_refurbished_hotel,"Task: decide if Proposition B contradicts Assumption A.

Steps:
1. A defends a claim (strip ""no_evident_not_"" / ""have_evident_"" to see it).
2. B states a fact.
3. Does B disprove A's claim? Same specific issue only, not just same topic.

Output pattern (always use this exact shape):
A: <phrase>
B: <phrase>
Answer: Yes/No

Examples:

A: no_evident_not_easy_check-in
B: customer_wait_10_minute_for_greet
Answer: Yes

A: no_evident_not_easy_check-in
B: no_one_give_key_on_late_check-in
Answer: No

A: no_evident_not_great_quality
B: shampoo_seem_cheap_considering_hotel_cost
Answer: Yes

A: no_evident_not_great_quality
B: expensive_hotel
Answer: No

Now answer for this pair. Output ONLY the final line ""Answer: Yes"" or ""Answer: No"" — no other text.

A: no_evident_not_nice_atmosphere
B: recently_refurbished_hotel
Answer:
","A: no_evident_not_nice_atmosphere
B: recently_refurbished_hotel
Answer: No"
2026-08-16 22:11:34,1,24968,no_evident_not_cozy_terrace,many_free_parking_space_available_on_early_November,"Task: decide if Proposition B contradicts Assumption A.

Steps:
1. A defends a claim (strip ""no_evident_not_"" / ""have_evident_"" to see it).
2. B states a fact.
3. Does B disprove A's claim? Same specific issue only, not just same topic.

Output pattern (always use this exact shape):
A: <phrase>
B: <phrase>
Answer: Yes/No

Examples:

A: no_evident_not_easy_check-in
B: customer_wait_10_minute_for_greet
Answer: Yes

A: no_evident_not_easy_check-in
B: no_one_give_key_on_late_check-in
Answer: No

A: no_evident_not_great_quality
B: shampoo_seem_cheap_considering_hotel_cost
Answer: Yes

A: no_evident_not_great_quality
B: expensive_hotel
Answer: No

Now answer for this pair. Output ONLY the final line ""Answer: Yes"" or ""Answer: No"" — no other text.

A: no_evident_not_cozy_terrace
B: many_free_parking_space_available_on_early_November
Answer:
","A: no_evident_not_cozy_terrace
B: many_free_parking_space_available_on_early_November
Answer: No"
2026-08-16 22:11:35,1,5855,no_evident_not_brand_new_facility,bright_hotel,"Task: decide if Proposition B contradicts Assumption A.

Steps:
1. A defends a claim (strip ""no_evident_not_"" / ""have_evident_"" to see it).
2. B states a fact.
3. Does B disprove A's claim? Same specific issue only, not just same topic.

Output pattern (always use this exact shape):
A: <phrase>
B: <phrase>
Answer: Yes/No

Examples:

A: no_evident_not_easy_check-in
B: customer_wait_10_minute_for_greet
Answer: Yes

A: no_evident_not_easy_check-in
B: no_one_give_key_on_late_check-in
Answer: No

A: no_evident_not_great_quality
B: shampoo_seem_cheap_considering_hotel_cost
Answer: Yes

A: no_evident_not_great_quality
B: expensive_hotel
Answer: No

Now answer for this pair. Output ONLY the final line ""Answer: Yes"" or ""Answer: No"" — no other text.

A: no_evident_not_brand_new_facility
B: bright_hotel
Answer:
","A: no_evident_not_brand_new_facility
B: bright_hotel
Answer: No"
2026-08-16 22:11:35,1,16636,no_evident_not_just_renovated_hotel,sufficient_parking,"Task: decide if Proposition B contradicts Assumption A.

Steps:
1. A defends a claim (strip ""no_evident_not_"" / ""have_evident_"" to see it).
2. B states a fact.
3. Does B disprove A's claim? Same specific issue only, not just same topic.

Output pattern (always use this exact shape):
A: <phrase>
B: <phrase>
Answer: Yes/No

Examples:

A: no_evident_not_easy_check-in
B: customer_wait_10_minute_for_greet
Answer: Yes

A: no_evident_not_easy_check-in
B: no_one_give_key_on_late_check-in
Answer: No

A: no_evident_not_great_quality
B: shampoo_seem_cheap_considering_hotel_cost
Answer: Yes

A: no_evident_not_great_quality
B: expensive_hotel
Answer: No

Now answer for this pair. Output ONLY the final line ""Answer: Yes"" or ""Answer: No"" — no other text.

A: no_evident_not_just_renovated_hotel
B: sufficient_parking
Answer:
","A: no_evident_not_just_renovated_hotel
B: sufficient_parking
Answer: No"
2026-08-16 22:11:35,1,29905,no_evident_not_can_request_for_transfer_from_airport,simple_hotel,"Task: decide if Proposition B contradicts Assumption A.

Steps:
1. A defends a claim (strip ""no_evident_not_"" / ""have_evident_"" to see it).
2. B states a fact.
3. Does B disprove A's claim? Same specific issue only, not just same topic.

Output pattern (always use this exact shape):
A: <phrase>
B: <phrase>
Answer: Yes/No

Examples:

A: no_evident_not_easy_check-in
B: customer_wait_10_minute_for_greet
Answer: Yes

A: no_evident_not_easy_check-in
B: no_one_give_key_on_late_check-in
Answer: No

A: no_evident_not_great_quality
B: shampoo_seem_cheap_considering_hotel_cost
Answer: Yes

A: no_evident_not_great_quality
B: expensive_hotel
Answer: No

Now answer for this pair. Output ONLY the final line ""Answer: Yes"" or ""Answer: No"" — no other text.

A: no_evident_not_can_request_for_transfer_from_airport
B: simple_hotel
Answer:
","A: no_evident_not_can_request_for_transfer_from_airport
B: simple_hotel
Answer: No"
2026-08-16 22:11:36,1,3487,no_evident_not_modern_facility,everything_great,"Task: decide if Proposition B contradicts Assumption A.

Steps:
1. A defends a claim (strip ""no_evident_not_"" / ""have_evident_"" to see it).
2. B states a fact.
3. Does B disprove A's claim? Same specific issue only, not just same topic.

Output pattern (always use this exact shape):
A: <phrase>
B: <phrase>
Answer: Yes/No

Examples:

A: no_evident_not_easy_check-in
B: customer_wait_10_minute_for_greet
Answer: Yes

A: no_evident_not_easy_check-in
B: no_one_give_key_on_late_check-in
Answer: No

A: no_evident_not_great_quality
B: shampoo_seem_cheap_considering_hotel_cost
Answer: Yes

A: no_evident_not_great_quality
B: expensive_hotel
Answer: No

Now answer for this pair. Output ONLY the final line ""Answer: Yes"" or ""Answer: No"" — no other text.

A: no_evident_not_modern_facility
B: everything_great
Answer:
","A: no_evident_not_modern_facility
B: everything_great
Answer: No"
2026-08-16 22:11:36,1,28526,no_evident_not_excellent_option,family_run_hotel,"Task: decide if Proposition B contradicts Assumption A.

Steps:
1. A defends a claim (strip ""no_evident_not_"" / ""have_evident_"" to see it).
2. B states a fact.
3. Does B disprove A's claim? Same specific issue only, not just same topic.

Output pattern (always use this exact shape):
A: <phrase>
B: <phrase>
Answer: Yes/No

Examples:

A: no_evident_not_easy_check-in
B: customer_wait_10_minute_for_greet
Answer: Yes

A: no_evident_not_easy_check-in
B: no_one_give_key_on_late_check-in
Answer: No

A: no_evident_not_great_quality
B: shampoo_seem_cheap_considering_hotel_cost
Answer: Yes

A: no_evident_not_great_quality
B: expensive_hotel
Answer: No

Now answer for this pair. Output ONLY the final line ""Answer: Yes"" or ""Answer: No"" — no other text.

A: no_evident_not_excellent_option
B: family_run_hotel
Answer:
","A: no_evident_not_excellent_option
B: family_run_hotel
Answer: No"
2026-08-16 22:11:36,1,20490,no_evident_not_front_to_unwind_evening,aesthetic_hotel,"Task: decide if Proposition B contradicts Assumption A.

Steps:
1. A defends a claim (strip ""no_evident_not_"" / ""have_evident_"" to see it).
2. B states a fact.
3. Does B disprove A's claim? Same specific issue only, not just same topic.

Output pattern (always use this exact shape):
A: <phrase>
B: <phrase>
Answer: Yes/No

Examples:

A: no_evident_not_easy_check-in
B: customer_wait_10_minute_for_greet
Answer: Yes

A: no_evident_not_easy_check-in
B: no_one_give_key_on_late_check-in
Answer: No

A: no_evident_not_great_quality
B: shampoo_seem_cheap_considering_hotel_cost
Answer: Yes

A: no_evident_not_great_quality
B: expensive_hotel
Answer: No

Now answer for this pair. Output ONLY the final line ""Answer: Yes"" or ""Answer: No"" — no other text.

A: no_evident_not_front_to_unwind_evening
B: aesthetic_hotel
Answer:
","A: no_evident_not_front_to_unwind_evening
B: aesthetic_hotel
Answer: No"
2026-08-16 22:11:36,1,9780,no_evident_not_brand_new_hotel,easy_to_park_car_outside,"Task: decide if Proposition B contradicts Assumption A.

Steps:
1. A defends a claim (strip ""no_evident_not_"" / ""have_evident_"" to see it).
2. B states a fact.
3. Does B disprove A's claim? Same specific issue only, not just same topic.

Output pattern (always use this exact shape):
A: <phrase>
B: <phrase>
Answer: Yes/No

Examples:

A: no_evident_not_easy_check-in
B: customer_wait_10_minute_for_greet
Answer: Yes

A: no_evident_not_easy_check-in
B: no_one_give_key_on_late_check-in
Answer: No

A: no_evident_not_great_quality
B: shampoo_seem_cheap_considering_hotel_cost
Answer: Yes

A: no_evident_not_great_quality
B: expensive_hotel
Answer: No

Now answer for this pair. Output ONLY the final line ""Answer: Yes"" or ""Answer: No"" — no other text.

A: no_evident_not_brand_new_hotel
B: easy_to_park_car_outside
Answer:
",Answer: No
2026-08-16 22:11:36,1,27580,no_evident_not_plenty_of_parking,great_hotel,"Task: decide if Proposition B contradicts Assumption A.

Steps:
1. A defends a claim (strip ""no_evident_not_"" / ""have_evident_"" to see it).
2. B states a fact.
3. Does B disprove A's claim? Same specific issue only, not just same topic.

Output pattern (always use this exact shape):
A: <phrase>
B: <phrase>
Answer: Yes/No

Examples:

A: no_evident_not_easy_check-in
B: customer_wait_10_minute_for_greet
Answer: Yes

A: no_evident_not_easy_check-in
B: no_one_give_key_on_late_check-in
Answer: No

A: no_evident_not_great_quality
B: shampoo_seem_cheap_considering_hotel_cost
Answer: Yes

A: no_evident_not_great_quality
B: expensive_hotel
Answer: No

Now answer for this pair. Output ONLY the final line ""Answer: Yes"" or ""Answer: No"" — no other text.

A: no_evident_not_plenty_of_parking
B: great_hotel
Answer:
",Answer: Yes
2026-08-16 22:11:37,1,20938,no_evident_not_spotless_hotel,everything_cozy,"Task: decide if Proposition B contradicts Assumption A.

Steps:
1. A defends a claim (strip ""no_evident_not_"" / ""have_evident_"" to see it).
2. B states a fact.
3. Does B disprove A's claim? Same specific issue only, not just same topic.

Output pattern (always use this exact shape):
A: <phrase>
B: <phrase>
Answer: Yes/No

Examples:

A: no_evident_not_easy_check-in
B: customer_wait_10_minute_for_greet
Answer: Yes

A: no_evident_not_easy_check-in
B: no_one_give_key_on_late_check-in
Answer: No

A: no_evident_not_great_quality
B: shampoo_seem_cheap_considering_hotel_cost
Answer: Yes

A: no_evident_not_great_quality
B: expensive_hotel
Answer: No

Now answer for this pair. Output ONLY the final line ""Answer: Yes"" or ""Answer: No"" — no other text.

A: no_evident_not_spotless_hotel
B: everything_cozy
Answer:
","A: no_evident_not_spotless_hotel
B: everything_cozy
Answer: No"
2026-08-16 22:11:37,1,19955,no_evident_not_wonderful_hotel,brilliant_hotel,"Task: decide if Proposition B contradicts Assumption A.

Steps:
1. A defends a claim (strip ""no_evident_not_"" / ""have_evident_"" to see it).
2. B states a fact.
3. Does B disprove A's claim? Same specific issue only, not just same topic.

Output pattern (always use this exact shape):
A: <phrase>
B: <phrase>
Answer: Yes/No

Examples:

A: no_evident_not_easy_check-in
B: customer_wait_10_minute_for_greet
Answer: Yes

A: no_evident_not_easy_check-in
B: no_one_give_key_on_late_check-in
Answer: No

A: no_evident_not_great_quality
B: shampoo_seem_cheap_considering_hotel_cost
Answer: Yes

A: no_evident_not_great_quality
B: expensive_hotel
Answer: No

Now answer for this pair. Output ONLY the final line ""Answer: Yes"" or ""Answer: No"" — no other text.

A: no_evident_not_wonderful_hotel
B: brilliant_hotel
Answer:
",Answer: Yes
2026-08-16 22:11:37,1,6518,no_evident_not_amazing_hotel,well_run,"Task: decide if Proposition B contradicts Assumption A.

Steps:
1. A defends a claim (strip ""no_evident_not_"" / ""have_evident_"" to see it).
2. B states a fact.
3. Does B disprove A's claim? Same specific issue only, not just same topic.

Output pattern (always use this exact shape):
A: <phrase>
B: <phrase>
Answer: Yes/No

Examples:

A: no_evident_not_easy_check-in
B: customer_wait_10_minute_for_greet
Answer: Yes

A: no_evident_not_easy_check-in
B: no_one_give_key_on_late_check-in
Answer: No

A: no_evident_not_great_quality
B: shampoo_seem_cheap_considering_hotel_cost
Answer: Yes

A: no_evident_not_great_quality
B: expensive_hotel
Answer: No

Now answer for this pair. Output ONLY the final line ""Answer: Yes"" or ""Answer: No"" — no other text.

A: no_evident_not_amazing_hotel
B: well_run
Answer:
","A: no_evident_not_amazing_hotel
B: well_run
Answer: No"
2026-08-16 22:11:38,1,12253,no_evident_not_feel_like_home_atmosphere,clean_hotel,"Task: decide if Proposition B contradicts Assumption A.

Steps:
1. A defends a claim (strip ""no_evident_not_"" / ""have_evident_"" to see it).
2. B states a fact.
3. Does B disprove A's claim? Same specific issue only, not just same topic.

Output pattern (always use this exact shape):
A: <phrase>
B: <phrase>
Answer: Yes/No

Examples:

A: no_evident_not_easy_check-in
B: customer_wait_10_minute_for_greet
Answer: Yes

A: no_evident_not_easy_check-in
B: no_one_give_key_on_late_check-in
Answer: No

A: no_evident_not_great_quality
B: shampoo_seem_cheap_considering_hotel_cost
Answer: Yes

A: no_evident_not_great_quality
B: expensive_hotel
Answer: No

Now answer for this pair. Output ONLY the final line ""Answer: Yes"" or ""Answer: No"" — no other text.

A: no_evident_not_feel_like_home_atmosphere
B: clean_hotel
Answer:
","A: no_evident_not_feel_like_home_atmosphere
B: clean_hotel
Answer: No"
2026-08-16 22:11:38,1,24986,no_evident_not_cozy_terrace,have_parking,"Task: decide if Proposition B contradicts Assumption A.

Steps:
1. A defends a claim (strip ""no_evident_not_"" / ""have_evident_"" to see it).
2. B states a fact.
3. Does B disprove A's claim? Same specific issue only, not just same topic.

Output pattern (always use this exact shape):
A: <phrase>
B: <phrase>
Answer: Yes/No

Examples:

A: no_evident_not_easy_check-in
B: customer_wait_10_minute_for_greet
Answer: Yes

A: no_evident_not_easy_check-in
B: no_one_give_key_on_late_check-in
Answer: No

A: no_evident_not_great_quality
B: shampoo_seem_cheap_considering_hotel_cost
Answer: Yes

A: no_evident_not_great_quality
B: expensive_hotel
Answer: No

Now answer for this pair. Output ONLY the final line ""Answer: Yes"" or ""Answer: No"" — no other text.

A: no_evident_not_cozy_terrace
B: have_parking
Answer:
",Answer: No
2026-08-16 22:11:38,1,5294,no_evident_not_everything_new,pet_friendly_hotel,"Task: decide if Proposition B contradicts Assumption A.

Steps:
1. A defends a claim (strip ""no_evident_not_"" / ""have_evident_"" to see it).
2. B states a fact.
3. Does B disprove A's claim? Same specific issue only, not just same topic.

Output pattern (always use this exact shape):
A: <phrase>
B: <phrase>
Answer: Yes/No

Examples:

A: no_evident_not_easy_check-in
B: customer_wait_10_minute_for_greet
Answer: Yes

A: no_evident_not_easy_check-in
B: no_one_give_key_on_late_check-in
Answer: No

A: no_evident_not_great_quality
B: shampoo_seem_cheap_considering_hotel_cost
Answer: Yes

A: no_evident_not_great_quality
B: expensive_hotel
Answer: No

Now answer for this pair. Output ONLY the final line ""Answer: Yes"" or ""Answer: No"" — no other text.

A: no_evident_not_everything_new
B: pet_friendly_hotel
Answer:
","A: no_evident_not_everything_new
B: pet_friendly_hotel
Answer: No"
2026-08-16 22:11:38,1,17675,no_evident_not_5_star_hotel,fantastic_service,"Task: decide if Proposition B contradicts Assumption A.

Steps:
1. A defends a claim (strip ""no_evident_not_"" / ""have_evident_"" to see it).
2. B states a fact.
3. Does B disprove A's claim? Same specific issue only, not just same topic.

Output pattern (always use this exact shape):
A: <phrase>
B: <phrase>
Answer: Yes/No

Examples:

A: no_evident_not_easy_check-in
B: customer_wait_10_minute_for_greet
Answer: Yes

A: no_evident_not_easy_check-in
B: no_one_give_key_on_late_check-in
Answer: No

A: no_evident_not_great_quality
B: shampoo_seem_cheap_considering_hotel_cost
Answer: Yes

A: no_evident_not_great_quality
B: expensive_hotel
Answer: No

Now answer for this pair. Output ONLY the final line ""Answer: Yes"" or ""Answer: No"" — no other text.

A: no_evident_not_5_star_hotel
B: fantastic_service
Answer:
",Answer: No
2026-08-16 22:11:38,1,31245,no_evident_not_completely_redone_hotel,brand_new_fitting,"Task: decide if Proposition B contradicts Assumption A.

Steps:
1. A defends a claim (strip ""no_evident_not_"" / ""have_evident_"" to see it).
2. B states a fact.
3. Does B disprove A's claim? Same specific issue only, not just same topic.

Output pattern (always use this exact shape):
A: <phrase>
B: <phrase>
Answer: Yes/No

Examples:

A: no_evident_not_easy_check-in
B: customer_wait_10_minute_for_greet
Answer: Yes

A: no_evident_not_easy_check-in
B: no_one_give_key_on_late_check-in
Answer: No

A: no_evident_not_great_quality
B: shampoo_seem_cheap_considering_hotel_cost
Answer: Yes

A: no_evident_not_great_quality
B: expensive_hotel
Answer: No

Now answer for this pair. Output ONLY the final line ""Answer: Yes"" or ""Answer: No"" — no other text.

A: no_evident_not_completely_redone_hotel
B: brand_new_fitting
Answer:
","A: no_evident_not_completely_redone_hotel
B: brand_new_fitting
Answer: No"
2026-08-16 22:11:39,1,25515,no_evident_not_recently_freshed_up,as_expected_hotel,"Task: decide if Proposition B contradicts Assumption A.

Steps:
1. A defends a claim (strip ""no_evident_not_"" / ""have_evident_"" to see it).
2. B states a fact.
3. Does B disprove A's claim? Same specific issue only, not just same topic.

Output pattern (always use this exact shape):
A: <phrase>
B: <phrase>
Answer: Yes/No

Examples:

A: no_evident_not_easy_check-in
B: customer_wait_10_minute_for_greet
Answer: Yes

A: no_evident_not_easy_check-in
B: no_one_give_key_on_late_check-in
Answer: No

A: no_evident_not_great_quality
B: shampoo_seem_cheap_considering_hotel_cost
Answer: Yes

A: no_evident_not_great_quality
B: expensive_hotel
Answer: No

Now answer for this pair. Output ONLY the final line ""Answer: Yes"" or ""Answer: No"" — no other text.

A: no_evident_not_recently_freshed_up
B: as_expected_hotel
Answer:
","A: no_evident_not_recently_freshed_up
B: as_expected_hotel
Answer: No"
2026-08-16 22:11:39,1,30227,no_evident_not_free_parking_in_front_of_hotel,can_request_for_transfer_from_airport,"Task: decide if Proposition B contradicts Assumption A.

Steps:
1. A defends a claim (strip ""no_evident_not_"" / ""have_evident_"" to see it).
2. B states a fact.
3. Does B disprove A's claim? Same specific issue only, not just same topic.

Output pattern (always use this exact shape):
A: <phrase>
B: <phrase>
Answer: Yes/No

Examples:

A: no_evident_not_easy_check-in
B: customer_wait_10_minute_for_greet
Answer: Yes

A: no_evident_not_easy_check-in
B: no_one_give_key_on_late_check-in
Answer: No

A: no_evident_not_great_quality
B: shampoo_seem_cheap_considering_hotel_cost
Answer: Yes

A: no_evident_not_great_quality
B: expensive_hotel
Answer: No

Now answer for this pair. Output ONLY the final line ""Answer: Yes"" or ""Answer: No"" — no other text.

A: no_evident_not_free_parking_in_front_of_hotel
B: can_request_for_transfer_from_airport
Answer:
",Answer: No
2026-08-16 22:11:39,1,17379,no_evident_not_well_situated_hotel,5_star_hotel,"Task: decide if Proposition B contradicts Assumption A.

Steps:
1. A defends a claim (strip ""no_evident_not_"" / ""have_evident_"" to see it).
2. B states a fact.
3. Does B disprove A's claim? Same specific issue only, not just same topic.

Output pattern (always use this exact shape):
A: <phrase>
B: <phrase>
Answer: Yes/No

Examples:

A: no_evident_not_easy_check-in
B: customer_wait_10_minute_for_greet
Answer: Yes

A: no_evident_not_easy_check-in
B: no_one_give_key_on_late_check-in
Answer: No

A: no_evident_not_great_quality
B: shampoo_seem_cheap_considering_hotel_cost
Answer: Yes

A: no_evident_not_great_quality
B: expensive_hotel
Answer: No

Now answer for this pair. Output ONLY the final line ""Answer: Yes"" or ""Answer: No"" — no other text.

A: no_evident_not_well_situated_hotel
B: 5_star_hotel
Answer:
","A: no_evident_not_well_situated_hotel
B: 5_star_hotel
Answer: Yes"
2026-08-16 22:11:39,1,30098,no_evident_not_free_parking_in_front_of_hotel,well_run,"Task: decide if Proposition B contradicts Assumption A.

Steps:
1. A defends a claim (strip ""no_evident_not_"" / ""have_evident_"" to see it).
2. B states a fact.
3. Does B disprove A's claim? Same specific issue only, not just same topic.

Output pattern (always use this exact shape):
A: <phrase>
B: <phrase>
Answer: Yes/No

Examples:

A: no_evident_not_easy_check-in
B: customer_wait_10_minute_for_greet
Answer: Yes

A: no_evident_not_easy_check-in
B: no_one_give_key_on_late_check-in
Answer: No

A: no_evident_not_great_quality
B: shampoo_seem_cheap_considering_hotel_cost
Answer: Yes

A: no_evident_not_great_quality
B: expensive_hotel
Answer: No

Now answer for this pair. Output ONLY the final line ""Answer: Yes"" or ""Answer: No"" — no other text.

A: no_evident_not_free_parking_in_front_of_hotel
B: well_run
Answer:
","A: no_evident_not_free_parking_in_front_of_hotel
B: well_run
Answer: No"
2026-08-16 22:11:40,1,19,no_evident_not_new_hotel,lovely_little_hotel,"Task: decide if Proposition B contradicts Assumption A.

Steps:
1. A defends a claim (strip ""no_evident_not_"" / ""have_evident_"" to see it).
2. B states a fact.
3. Does B disprove A's claim? Same specific issue only, not just same topic.

Output pattern (always use this exact shape):
A: <phrase>
B: <phrase>
Answer: Yes/No

Examples:

A: no_evident_not_easy_check-in
B: customer_wait_10_minute_for_greet
Answer: Yes

A: no_evident_not_easy_check-in
B: no_one_give_key_on_late_check-in
Answer: No

A: no_evident_not_great_quality
B: shampoo_seem_cheap_considering_hotel_cost
Answer: Yes

A: no_evident_not_great_quality
B: expensive_hotel
Answer: No

Now answer for this pair. Output ONLY the final line ""Answer: Yes"" or ""Answer: No"" — no other text.

A: no_evident_not_new_hotel
B: lovely_little_hotel
Answer:
","A: no_evident_not_new_hotel
B: lovely_little_hotel
Answer: No"
2026-08-16 22:11:40,1,19627,no_evident_not_5*_facility,renovated_hotel,"Task: decide if Proposition B contradicts Assumption A.

Steps:
1. A defends a claim (strip ""no_evident_not_"" / ""have_evident_"" to see it).
2. B states a fact.
3. Does B disprove A's claim? Same specific issue only, not just same topic.

Output pattern (always use this exact shape):
A: <phrase>
B: <phrase>
Answer: Yes/No

Examples:

A: no_evident_not_easy_check-in
B: customer_wait_10_minute_for_greet
Answer: Yes

A: no_evident_not_easy_check-in
B: no_one_give_key_on_late_check-in
Answer: No

A: no_evident_not_great_quality
B: shampoo_seem_cheap_considering_hotel_cost
Answer: Yes

A: no_evident_not_great_quality
B: expensive_hotel
Answer: No

Now answer for this pair. Output ONLY the final line ""Answer: Yes"" or ""Answer: No"" — no other text.

A: no_evident_not_5*_facility
B: renovated_hotel
Answer:
","A: no_evident_not_5*_facility
B: renovated_hotel
Answer: Yes"
2026-08-16 22:11:40,1,10622,no_evident_not_easy_to_park_car_outside,comfortable_hotel,"Task: decide if Proposition B contradicts Assumption A.

Steps:
1. A defends a claim (strip ""no_evident_not_"" / ""have_evident_"" to see it).
2. B states a fact.
3. Does B disprove A's claim? Same specific issue only, not just same topic.

Output pattern (always use this exact shape):
A: <phrase>
B: <phrase>
Answer: Yes/No

Examples:

A: no_evident_not_easy_check-in
B: customer_wait_10_minute_for_greet
Answer: Yes

A: no_evident_not_easy_check-in
B: no_one_give_key_on_late_check-in
Answer: No

A: no_evident_not_great_quality
B: shampoo_seem_cheap_considering_hotel_cost
Answer: Yes

A: no_evident_not_great_quality
B: expensive_hotel
Answer: No

Now answer for this pair. Output ONLY the final line ""Answer: Yes"" or ""Answer: No"" — no other text.

A: no_evident_not_easy_to_park_car_outside
B: comfortable_hotel
Answer:
",Answer: No
2026-08-16 22:11:41,1,16011,no_evident_not_simple_decoration,stylish_hotel,"Task: decide if Proposition B contradicts Assumption A.

Steps:
1. A defends a claim (strip ""no_evident_not_"" / ""have_evident_"" to see it).
2. B states a fact.
3. Does B disprove A's claim? Same specific issue only, not just same topic.

Output pattern (always use this exact shape):
A: <phrase>
B: <phrase>
Answer: Yes/No

Examples:

A: no_evident_not_easy_check-in
B: customer_wait_10_minute_for_greet
Answer: Yes

A: no_evident_not_easy_check-in
B: no_one_give_key_on_late_check-in
Answer: No

A: no_evident_not_great_quality
B: shampoo_seem_cheap_considering_hotel_cost
Answer: Yes

A: no_evident_not_great_quality
B: expensive_hotel
Answer: No

Now answer for this pair. Output ONLY the final line ""Answer: Yes"" or ""Answer: No"" — no other text.

A: no_evident_not_simple_decoration
B: stylish_hotel
Answer:
","A: no_evident_not_simple_decoration
B: stylish_hotel
Answer: Yes"
2026-08-16 22:11:41,1,639,no_evident_not_cozy_hotel,5_star_hotel,"Task: decide if Proposition B contradicts Assumption A.

Steps:
1. A defends a claim (strip ""no_evident_not_"" / ""have_evident_"" to see it).
2. B states a fact.
3. Does B disprove A's claim? Same specific issue only, not just same topic.

Output pattern (always use this exact shape):
A: <phrase>
B: <phrase>
Answer: Yes/No

Examples:

A: no_evident_not_easy_check-in
B: customer_wait_10_minute_for_greet
Answer: Yes

A: no_evident_not_easy_check-in
B: no_one_give_key_on_late_check-in
Answer: No

A: no_evident_not_great_quality
B: shampoo_seem_cheap_considering_hotel_cost
Answer: Yes

A: no_evident_not_great_quality
B: expensive_hotel
Answer: No

Now answer for this pair. Output ONLY the final line ""Answer: Yes"" or ""Answer: No"" — no other text.

A: no_evident_not_cozy_hotel
B: 5_star_hotel
Answer:
","A: no_evident_not_cozy_hotel
B: 5_star_hotel
Answer: No"
2026-08-16 22:11:41,1,3666,no_evident_not_spacious_hotel,clean_boutique_hotel,"Task: decide if Proposition B contradicts Assumption A.

Steps:
1. A defends a claim (strip ""no_evident_not_"" / ""have_evident_"" to see it).
2. B states a fact.
3. Does B disprove A's claim? Same specific issue only, not just same topic.

Output pattern (always use this exact shape):
A: <phrase>
B: <phrase>
Answer: Yes/No

Examples:

A: no_evident_not_easy_check-in
B: customer_wait_10_minute_for_greet
Answer: Yes

A: no_evident_not_easy_check-in
B: no_one_give_key_on_late_check-in
Answer: No

A: no_evident_not_great_quality
B: shampoo_seem_cheap_considering_hotel_cost
Answer: Yes

A: no_evident_not_great_quality
B: expensive_hotel
Answer: No

Now answer for this pair. Output ONLY the final line ""Answer: Yes"" or ""Answer: No"" — no other text.

A: no_evident_not_spacious_hotel
B: clean_boutique_hotel
Answer:
","A: no_evident_not_spacious_hotel
B: clean_boutique_hotel
Answer: No"
2026-08-16 22:11:42,1,30445,no_evident_not_well_kept_hotel,simple_hotel,"Task: decide if Proposition B contradicts Assumption A.

Steps:
1. A defends a claim (strip ""no_evident_not_"" / ""have_evident_"" to see it).
2. B states a fact.
3. Does B disprove A's claim? Same specific issue only, not just same topic.

Output pattern (always use this exact shape):
A: <phrase>
B: <phrase>
Answer: Yes/No

Examples:

A: no_evident_not_easy_check-in
B: customer_wait_10_minute_for_greet
Answer: Yes

A: no_evident_not_easy_check-in
B: no_one_give_key_on_late_check-in
Answer: No

A: no_evident_not_great_quality
B: shampoo_seem_cheap_considering_hotel_cost
Answer: Yes

A: no_evident_not_great_quality
B: expensive_hotel
Answer: No

Now answer for this pair. Output ONLY the final line ""Answer: Yes"" or ""Answer: No"" — no other text.

A: no_evident_not_well_kept_hotel
B: simple_hotel
Answer:
","A: no_evident_not_well_kept_hotel
B: simple_hotel
Answer: Yes"
2026-08-16 22:11:42,1,11895,no_evident_not_everything_great,everything_clean,"Task: decide if Proposition B contradicts Assumption A.

Steps:
1. A defends a claim (strip ""no_evident_not_"" / ""have_evident_"" to see it).
2. B states a fact.
3. Does B disprove A's claim? Same specific issue only, not just same topic.

Output pattern (always use this exact shape):
A: <phrase>
B: <phrase>
Answer: Yes/No

Examples:

A: no_evident_not_easy_check-in
B: customer_wait_10_minute_for_greet
Answer: Yes

A: no_evident_not_easy_check-in
B: no_one_give_key_on_late_check-in
Answer: No

A: no_evident_not_great_quality
B: shampoo_seem_cheap_considering_hotel_cost
Answer: Yes

A: no_evident_not_great_quality
B: expensive_hotel
Answer: No

Now answer for this pair. Output ONLY the final line ""Answer: Yes"" or ""Answer: No"" — no other text.

A: no_evident_not_everything_great
B: everything_clean
Answer:
","A: no_evident_not_everything_great
B: everything_clean
Answer: No"
2026-08-16 22:11:42,1,28794,no_evident_not_clean_street_terrace,completely_redone_hotel,"Task: decide if Proposition B contradicts Assumption A.

Steps:
1. A defends a claim (strip ""no_evident_not_"" / ""have_evident_"" to see it).
2. B states a fact.
3. Does B disprove A's claim? Same specific issue only, not just same topic.

Output pattern (always use this exact shape):
A: <phrase>
B: <phrase>
Answer: Yes/No

Examples:

A: no_evident_not_easy_check-in
B: customer_wait_10_minute_for_greet
Answer: Yes

A: no_evident_not_easy_check-in
B: no_one_give_key_on_late_check-in
Answer: No

A: no_evident_not_great_quality
B: shampoo_seem_cheap_considering_hotel_cost
Answer: Yes

A: no_evident_not_great_quality
B: expensive_hotel
Answer: No

Now answer for this pair. Output ONLY the final line ""Answer: Yes"" or ""Answer: No"" — no other text.

A: no_evident_not_clean_street_terrace
B: completely_redone_hotel
Answer:
","A: no_evident_not_clean_street_terrace
B: completely_redone_hotel
Answer: Yes"
2026-08-16 22:11:42,1,32288,no_evident_not_cozy_atmosphere,well_furnished_hotel,"Task: decide if Proposition B contradicts Assumption A.

Steps:
1. A defends a claim (strip ""no_evident_not_"" / ""have_evident_"" to see it).
2. B states a fact.
3. Does B disprove A's claim? Same specific issue only, not just same topic.

Output pattern (always use this exact shape):
A: <phrase>
B: <phrase>
Answer: Yes/No

Examples:

A: no_evident_not_easy_check-in
B: customer_wait_10_minute_for_greet
Answer: Yes

A: no_evident_not_easy_check-in
B: no_one_give_key_on_late_check-in
Answer: No

A: no_evident_not_great_quality
B: shampoo_seem_cheap_considering_hotel_cost
Answer: Yes

A: no_evident_not_great_quality
B: expensive_hotel
Answer: No

Now answer for this pair. Output ONLY the final line ""Answer: Yes"" or ""Answer: No"" — no other text.

A: no_evident_not_cozy_atmosphere
B: well_furnished_hotel
Answer:
","A: no_evident_not_cozy_atmosphere
B: well_furnished_hotel
Answer: No"
2026-08-16 22:11:43,1,27253,no_evident_not_interesting_service,feel_welcome_from_arrival_moment,"Task: decide if Proposition B contradicts Assumption A.

Steps:
1. A defends a claim (strip ""no_evident_not_"" / ""have_evident_"" to see it).
2. B states a fact.
3. Does B disprove A's claim? Same specific issue only, not just same topic.

Output pattern (always use this exact shape):
A: <phrase>
B: <phrase>
Answer: Yes/No

Examples:

A: no_evident_not_easy_check-in
B: customer_wait_10_minute_for_greet
Answer: Yes

A: no_evident_not_easy_check-in
B: no_one_give_key_on_late_check-in
Answer: No

A: no_evident_not_great_quality
B: shampoo_seem_cheap_considering_hotel_cost
Answer: Yes

A: no_evident_not_great_quality
B: expensive_hotel
Answer: No

Now answer for this pair. Output ONLY the final line ""Answer: Yes"" or ""Answer: No"" — no other text.

A: no_evident_not_interesting_service
B: feel_welcome_from_arrival_moment
Answer:
","A: no_evident_not_interesting_service
B: feel_welcome_from_arrival_moment
Answer: No"
2026-08-16 22:11:43,1,26437,no_evident_not_pleasant_terrace,welcoming_environment,"Task: decide if Proposition B contradicts Assumption A.

Steps:
1. A defends a claim (strip ""no_evident_not_"" / ""have_evident_"" to see it).
2. B states a fact.
3. Does B disprove A's claim? Same specific issue only, not just same topic.

Output pattern (always use this exact shape):
A: <phrase>
B: <phrase>
Answer: Yes/No

Examples:

A: no_evident_not_easy_check-in
B: customer_wait_10_minute_for_greet
Answer: Yes

A: no_evident_not_easy_check-in
B: no_one_give_key_on_late_check-in
Answer: No

A: no_evident_not_great_quality
B: shampoo_seem_cheap_considering_hotel_cost
Answer: Yes

A: no_evident_not_great_quality
B: expensive_hotel
Answer: No

Now answer for this pair. Output ONLY the final line ""Answer: Yes"" or ""Answer: No"" — no other text.

A: no_evident_not_pleasant_terrace
B: welcoming_environment
Answer:
","A: no_evident_not_pleasant_terrace
B: welcoming_environment
Answer: No"
2026-08-16 22:11:43,1,10077,no_evident_not_family_run_small_hotel,all_furniture_new,"Task: decide if Proposition B contradicts Assumption A.

Steps:
1. A defends a claim (strip ""no_evident_not_"" / ""have_evident_"" to see it).
2. B states a fact.
3. Does B disprove A's claim? Same specific issue only, not just same topic.

Output pattern (always use this exact shape):
A: <phrase>
B: <phrase>
Answer: Yes/No

Examples:

A: no_evident_not_easy_check-in
B: customer_wait_10_minute_for_greet
Answer: Yes

A: no_evident_not_easy_check-in
B: no_one_give_key_on_late_check-in
Answer: No

A: no_evident_not_great_quality
B: shampoo_seem_cheap_considering_hotel_cost
Answer: Yes

A: no_evident_not_great_quality
B: expensive_hotel
Answer: No

Now answer for this pair. Output ONLY the final line ""Answer: Yes"" or ""Answer: No"" — no other text.

A: no_evident_not_family_run_small_hotel
B: all_furniture_new
Answer:
","A: no_evident_not_family_run_small_hotel
B: all_furniture_new
Answer: No"
2026-08-16 22:11:44,1,7847,no_evident_not_new_facility,affordable_hotel,"Task: decide if Proposition B contradicts Assumption A.

Steps:
1. A defends a claim (strip ""no_evident_not_"" / ""have_evident_"" to see it).
2. B states a fact.
3. Does B disprove A's claim? Same specific issue only, not just same topic.

Output pattern (always use this exact shape):
A: <phrase>
B: <phrase>
Answer: Yes/No

Examples:

A: no_evident_not_easy_check-in
B: customer_wait_10_minute_for_greet
Answer: Yes

A: no_evident_not_easy_check-in
B: no_one_give_key_on_late_check-in
Answer: No

A: no_evident_not_great_quality
B: shampoo_seem_cheap_considering_hotel_cost
Answer: Yes

A: no_evident_not_great_quality
B: expensive_hotel
Answer: No

Now answer for this pair. Output ONLY the final line ""Answer: Yes"" or ""Answer: No"" — no other text.

A: no_evident_not_new_facility
B: affordable_hotel
Answer:
",Answer: Yes
2026-08-16 22:11:44,1,1899,no_evident_not_lovely_hotel,5_star_hotel,"Task: decide if Proposition B contradicts Assumption A.

Steps:
1. A defends a claim (strip ""no_evident_not_"" / ""have_evident_"" to see it).
2. B states a fact.
3. Does B disprove A's claim? Same specific issue only, not just same topic.

Output pattern (always use this exact shape):
A: <phrase>
B: <phrase>
Answer: Yes/No

Examples:

A: no_evident_not_easy_check-in
B: customer_wait_10_minute_for_greet
Answer: Yes

A: no_evident_not_easy_check-in
B: no_one_give_key_on_late_check-in
Answer: No

A: no_evident_not_great_quality
B: shampoo_seem_cheap_considering_hotel_cost
Answer: Yes

A: no_evident_not_great_quality
B: expensive_hotel
Answer: No

Now answer for this pair. Output ONLY the final line ""Answer: Yes"" or ""Answer: No"" — no other text.

A: no_evident_not_lovely_hotel
B: 5_star_hotel
Answer:
","A: no_evident_not_lovely_hotel
B: 5_star_hotel
Answer: No"
2026-08-16 22:11:44,1,7893,no_evident_not_new_facility,can_request_by_push_button,"Task: decide if Proposition B contradicts Assumption A.

Steps:
1. A defends a claim (strip ""no_evident_not_"" / ""have_evident_"" to see it).
2. B states a fact.
3. Does B disprove A's claim? Same specific issue only, not just same topic.

Output pattern (always use this exact shape):
A: <phrase>
B: <phrase>
Answer: Yes/No

Examples:

A: no_evident_not_easy_check-in
B: customer_wait_10_minute_for_greet
Answer: Yes

A: no_evident_not_easy_check-in
B: no_one_give_key_on_late_check-in
Answer: No

A: no_evident_not_great_quality
B: shampoo_seem_cheap_considering_hotel_cost
Answer: Yes

A: no_evident_not_great_quality
B: expensive_hotel
Answer: No

Now answer for this pair. Output ONLY the final line ""Answer: Yes"" or ""Answer: No"" — no other text.

A: no_evident_not_new_facility
B: can_request_by_push_button
Answer:
","A: no_evident_not_new_facility
B: can_request_by_push_button
Answer: No"
2026-08-16 22:11:45,1,28771,no_evident_not_clean_street_terrace,innovative_hotel,"Task: decide if Proposition B contradicts Assumption A.

Steps:
1. A defends a claim (strip ""no_evident_not_"" / ""have_evident_"" to see it).
2. B states a fact.
3. Does B disprove A's claim? Same specific issue only, not just same topic.

Output pattern (always use this exact shape):
A: <phrase>
B: <phrase>
Answer: Yes/No

Examples:

A: no_evident_not_easy_check-in
B: customer_wait_10_minute_for_greet
Answer: Yes

A: no_evident_not_easy_check-in
B: no_one_give_key_on_late_check-in
Answer: No

A: no_evident_not_great_quality
B: shampoo_seem_cheap_considering_hotel_cost
Answer: Yes

A: no_evident_not_great_quality
B: expensive_hotel
Answer: No

Now answer for this pair. Output ONLY the final line ""Answer: Yes"" or ""Answer: No"" — no other text.

A: no_evident_not_clean_street_terrace
B: innovative_hotel
Answer:
","A: no_evident_not_clean_street_terrace
B: innovative_hotel
Answer: No"
2026-08-16 22:11:45,1,18592,no_evident_not_clean_facility,lovely_lobby,"Task: decide if Proposition B contradicts Assumption A.

Steps:
1. A defends a claim (strip ""no_evident_not_"" / ""have_evident_"" to see it).
2. B states a fact.
3. Does B disprove A's claim? Same specific issue only, not just same topic.

Output pattern (always use this exact shape):
A: <phrase>
B: <phrase>
Answer: Yes/No

Examples:

A: no_evident_not_easy_check-in
B: customer_wait_10_minute_for_greet
Answer: Yes

A: no_evident_not_easy_check-in
B: no_one_give_key_on_late_check-in
Answer: No

A: no_evident_not_great_quality
B: shampoo_seem_cheap_considering_hotel_cost
Answer: Yes

A: no_evident_not_great_quality
B: expensive_hotel
Answer: No

Now answer for this pair. Output ONLY the final line ""Answer: Yes"" or ""Answer: No"" — no other text.

A: no_evident_not_clean_facility
B: lovely_lobby
Answer:
",Answer: No
2026-08-16 22:11:45,1,31030,no_evident_not_has_swimming_pool,Christmas_vibe_hotel,"Task: decide if Proposition B contradicts Assumption A.

Steps:
1. A defends a claim (strip ""no_evident_not_"" / ""have_evident_"" to see it).
2. B states a fact.
3. Does B disprove A's claim? Same specific issue only, not just same topic.

Output pattern (always use this exact shape):
A: <phrase>
B: <phrase>
Answer: Yes/No

Examples:

A: no_evident_not_easy_check-in
B: customer_wait_10_minute_for_greet
Answer: Yes

A: no_evident_not_easy_check-in
B: no_one_give_key_on_late_check-in
Answer: No

A: no_evident_not_great_quality
B: shampoo_seem_cheap_considering_hotel_cost
Answer: Yes

A: no_evident_not_great_quality
B: expensive_hotel
Answer: No

Now answer for this pair. Output ONLY the final line ""Answer: Yes"" or ""Answer: No"" — no other text.

A: no_evident_not_has_swimming_pool
B: Christmas_vibe_hotel
Answer:
",Answer: No
2026-08-16 22:11:45,1,2581,no_evident_not_everything_clean,everything_modern,"Task: decide if Proposition B contradicts Assumption A.

Steps:
1. A defends a claim (strip ""no_evident_not_"" / ""have_evident_"" to see it).
2. B states a fact.
3. Does B disprove A's claim? Same specific issue only, not just same topic.

Output pattern (always use this exact shape):
A: <phrase>
B: <phrase>
Answer: Yes/No

Examples:

A: no_evident_not_easy_check-in
B: customer_wait_10_minute_for_greet
Answer: Yes

A: no_evident_not_easy_check-in
B: no_one_give_key_on_late_check-in
Answer: No

A: no_evident_not_great_quality
B: shampoo_seem_cheap_considering_hotel_cost
Answer: Yes

A: no_evident_not_great_quality
B: expensive_hotel
Answer: No

Now answer for this pair. Output ONLY the final line ""Answer: Yes"" or ""Answer: No"" — no other text.

A: no_evident_not_everything_clean
B: everything_modern
Answer:
","A: no_evident_not_everything_clean
B: everything_modern
Answer: No"
2026-08-16 22:11:45,1,2807,no_evident_not_everything_spotless_clean,affordable_hotel,"Task: decide if Proposition B contradicts Assumption A.

Steps:
1. A defends a claim (strip ""no_evident_not_"" / ""have_evident_"" to see it).
2. B states a fact.
3. Does B disprove A's claim? Same specific issue only, not just same topic.

Output pattern (always use this exact shape):
A: <phrase>
B: <phrase>
Answer: Yes/No

Examples:

A: no_evident_not_easy_check-in
B: customer_wait_10_minute_for_greet
Answer: Yes

A: no_evident_not_easy_check-in
B: no_one_give_key_on_late_check-in
Answer: No

A: no_evident_not_great_quality
B: shampoo_seem_cheap_considering_hotel_cost
Answer: Yes

A: no_evident_not_great_quality
B: expensive_hotel
Answer: No

Now answer for this pair. Output ONLY the final line ""Answer: Yes"" or ""Answer: No"" — no other text.

A: no_evident_not_everything_spotless_clean
B: affordable_hotel
Answer:
",Answer: No
2026-08-16 22:11:45,1,23984,no_evident_not_clean_reception,new_facility,"Task: decide if Proposition B contradicts Assumption A.

Steps:
1. A defends a claim (strip ""no_evident_not_"" / ""have_evident_"" to see it).
2. B states a fact.
3. Does B disprove A's claim? Same specific issue only, not just same topic.

Output pattern (always use this exact shape):
A: <phrase>
B: <phrase>
Answer: Yes/No

Examples:

A: no_evident_not_easy_check-in
B: customer_wait_10_minute_for_greet
Answer: Yes

A: no_evident_not_easy_check-in
B: no_one_give_key_on_late_check-in
Answer: No

A: no_evident_not_great_quality
B: shampoo_seem_cheap_considering_hotel_cost
Answer: Yes

A: no_evident_not_great_quality
B: expensive_hotel
Answer: No

Now answer for this pair. Output ONLY the final line ""Answer: Yes"" or ""Answer: No"" — no other text.

A: no_evident_not_clean_reception
B: new_facility
Answer:
","A: no_evident_not_clean_reception
B: new_facility
Answer: No"
2026-08-16 22:11:46,1,15925,no_evident_not_simple_decoration,comfortable_atmosphere,"Task: decide if Proposition B contradicts Assumption A.

Steps:
1. A defends a claim (strip ""no_evident_not_"" / ""have_evident_"" to see it).
2. B states a fact.
3. Does B disprove A's claim? Same specific issue only, not just same topic.

Output pattern (always use this exact shape):
A: <phrase>
B: <phrase>
Answer: Yes/No

Examples:

A: no_evident_not_easy_check-in
B: customer_wait_10_minute_for_greet
Answer: Yes

A: no_evident_not_easy_check-in
B: no_one_give_key_on_late_check-in
Answer: No

A: no_evident_not_great_quality
B: shampoo_seem_cheap_considering_hotel_cost
Answer: Yes

A: no_evident_not_great_quality
B: expensive_hotel
Answer: No

Now answer for this pair. Output ONLY the final line ""Answer: Yes"" or ""Answer: No"" — no other text.

A: no_evident_not_simple_decoration
B: comfortable_atmosphere
Answer:
","A: no_evident_not_simple_decoration
B: comfortable_atmosphere
Answer: No"
2026-08-16 22:11:46,1,26740,no_evident_not_stunning_hotel,welcoming_hotel,"Task: decide if Proposition B contradicts Assumption A.

Steps:
1. A defends a claim (strip ""no_evident_not_"" / ""have_evident_"" to see it).
2. B states a fact.
3. Does B disprove A's claim? Same specific issue only, not just same topic.

Output pattern (always use this exact shape):
A: <phrase>
B: <phrase>
Answer: Yes/No

Examples:

A: no_evident_not_easy_check-in
B: customer_wait_10_minute_for_greet
Answer: Yes

A: no_evident_not_easy_check-in
B: no_one_give_key_on_late_check-in
Answer: No

A: no_evident_not_great_quality
B: shampoo_seem_cheap_considering_hotel_cost
Answer: Yes

A: no_evident_not_great_quality
B: expensive_hotel
Answer: No

Now answer for this pair. Output ONLY the final line ""Answer: Yes"" or ""Answer: No"" — no other text.

A: no_evident_not_stunning_hotel
B: welcoming_hotel
Answer:
","A: no_evident_not_stunning_hotel
B: welcoming_hotel
Answer: No"
2026-08-16 22:11:46,1,2268,no_evident_not_clean_hotel,recently_renovated_hotel,"Task: decide if Proposition B contradicts Assumption A.

Steps:
1. A defends a claim (strip ""no_evident_not_"" / ""have_evident_"" to see it).
2. B states a fact.
3. Does B disprove A's claim? Same specific issue only, not just same topic.

Output pattern (always use this exact shape):
A: <phrase>
B: <phrase>
Answer: Yes/No

Examples:

A: no_evident_not_easy_check-in
B: customer_wait_10_minute_for_greet
Answer: Yes

A: no_evident_not_easy_check-in
B: no_one_give_key_on_late_check-in
Answer: No

A: no_evident_not_great_quality
B: shampoo_seem_cheap_considering_hotel_cost
Answer: Yes

A: no_evident_not_great_quality
B: expensive_hotel
Answer: No

Now answer for this pair. Output ONLY the final line ""Answer: Yes"" or ""Answer: No"" — no other text.

A: no_evident_not_clean_hotel
B: recently_renovated_hotel
Answer:
","A: no_evident_not_clean_hotel
B: recently_renovated_hotel
Answer: No"
2026-08-16 22:11:47,1,32047,no_evident_not_compact_hotel,renovated_hotel,"Task: decide if Proposition B contradicts Assumption A.

Steps:
1. A defends a claim (strip ""no_evident_not_"" / ""have_evident_"" to see it).
2. B states a fact.
3. Does B disprove A's claim? Same specific issue only, not just same topic.

Output pattern (always use this exact shape):
A: <phrase>
B: <phrase>
Answer: Yes/No

Examples:

A: no_evident_not_easy_check-in
B: customer_wait_10_minute_for_greet
Answer: Yes

A: no_evident_not_easy_check-in
B: no_one_give_key_on_late_check-in
Answer: No

A: no_evident_not_great_quality
B: shampoo_seem_cheap_considering_hotel_cost
Answer: Yes

A: no_evident_not_great_quality
B: expensive_hotel
Answer: No

Now answer for this pair. Output ONLY the final line ""Answer: Yes"" or ""Answer: No"" — no other text.

A: no_evident_not_compact_hotel
B: renovated_hotel
Answer:
","A: no_evident_not_compact_hotel
B: renovated_hotel
Answer: No"
2026-08-16 22:11:47,1,24924,no_evident_not_cozy_terrace,friendly_atmosphere,"Task: decide if Proposition B contradicts Assumption A.

Steps:
1. A defends a claim (strip ""no_evident_not_"" / ""have_evident_"" to see it).
2. B states a fact.
3. Does B disprove A's claim? Same specific issue only, not just same topic.

Output pattern (always use this exact shape):
A: <phrase>
B: <phrase>
Answer: Yes/No

Examples:

A: no_evident_not_easy_check-in
B: customer_wait_10_minute_for_greet
Answer: Yes

A: no_evident_not_easy_check-in
B: no_one_give_key_on_late_check-in
Answer: No

A: no_evident_not_great_quality
B: shampoo_seem_cheap_considering_hotel_cost
Answer: Yes

A: no_evident_not_great_quality
B: expensive_hotel
Answer: No

Now answer for this pair. Output ONLY the final line ""Answer: Yes"" or ""Answer: No"" — no other text.

A: no_evident_not_cozy_terrace
B: friendly_atmosphere
Answer:
","A: no_evident_not_cozy_terrace
B: friendly_atmosphere
Answer: No"
2026-08-16 22:11:47,1,17456,no_evident_not_well_situated_hotel,well_equipped_hotel,"Task: decide if Proposition B contradicts Assumption A.

Steps:
1. A defends a claim (strip ""no_evident_not_"" / ""have_evident_"" to see it).
2. B states a fact.
3. Does B disprove A's claim? Same specific issue only, not just same topic.

Output pattern (always use this exact shape):
A: <phrase>
B: <phrase>
Answer: Yes/No

Examples:

A: no_evident_not_easy_check-in
B: customer_wait_10_minute_for_greet
Answer: Yes

A: no_evident_not_easy_check-in
B: no_one_give_key_on_late_check-in
Answer: No

A: no_evident_not_great_quality
B: shampoo_seem_cheap_considering_hotel_cost
Answer: Yes

A: no_evident_not_great_quality
B: expensive_hotel
Answer: No

Now answer for this pair. Output ONLY the final line ""Answer: Yes"" or ""Answer: No"" — no other text.

A: no_evident_not_well_situated_hotel
B: well_equipped_hotel
Answer:
","A: no_evident_not_well_situated_hotel
B: well_equipped_hotel
Answer: No"
2026-08-16 22:11:48,1,25095,no_evident_not_has_parking_next_to_hotel,no_extra_charge_for_dog,"Task: decide if Proposition B contradicts Assumption A.

Steps:
1. A defends a claim (strip ""no_evident_not_"" / ""have_evident_"" to see it).
2. B states a fact.
3. Does B disprove A's claim? Same specific issue only, not just same topic.

Output pattern (always use this exact shape):
A: <phrase>
B: <phrase>
Answer: Yes/No

Examples:

A: no_evident_not_easy_check-in
B: customer_wait_10_minute_for_greet
Answer: Yes

A: no_evident_not_easy_check-in
B: no_one_give_key_on_late_check-in
Answer: No

A: no_evident_not_great_quality
B: shampoo_seem_cheap_considering_hotel_cost
Answer: Yes

A: no_evident_not_great_quality
B: expensive_hotel
Answer: No

Now answer for this pair. Output ONLY the final line ""Answer: Yes"" or ""Answer: No"" — no other text.

A: no_evident_not_has_parking_next_to_hotel
B: no_extra_charge_for_dog
Answer:
","A: no_evident_not_has_parking_next_to_hotel
B: no_extra_charge_for_dog
Answer: No"
2026-08-16 22:11:48,1,4121,no_evident_not_refurbished_hotel,comfortable_street_terrace,"Task: decide if Proposition B contradicts Assumption A.

Steps:
1. A defends a claim (strip ""no_evident_not_"" / ""have_evident_"" to see it).
2. B states a fact.
3. Does B disprove A's claim? Same specific issue only, not just same topic.

Output pattern (always use this exact shape):
A: <phrase>
B: <phrase>
Answer: Yes/No

Examples:

A: no_evident_not_easy_check-in
B: customer_wait_10_minute_for_greet
Answer: Yes

A: no_evident_not_easy_check-in
B: no_one_give_key_on_late_check-in
Answer: No

A: no_evident_not_great_quality
B: shampoo_seem_cheap_considering_hotel_cost
Answer: Yes

A: no_evident_not_great_quality
B: expensive_hotel
Answer: No

Now answer for this pair. Output ONLY the final line ""Answer: Yes"" or ""Answer: No"" — no other text.

A: no_evident_not_refurbished_hotel
B: comfortable_street_terrace
Answer:
","A: no_evident_not_refurbished_hotel
B: comfortable_street_terrace
Answer: No"
2026-08-16 22:11:48,1,4208,no_evident_not_recently_refurbished_hotel,well_furnished_hotel,"Task: decide if Proposition B contradicts Assumption A.

Steps:
1. A defends a claim (strip ""no_evident_not_"" / ""have_evident_"" to see it).
2. B states a fact.
3. Does B disprove A's claim? Same specific issue only, not just same topic.

Output pattern (always use this exact shape):
A: <phrase>
B: <phrase>
Answer: Yes/No

Examples:

A: no_evident_not_easy_check-in
B: customer_wait_10_minute_for_greet
Answer: Yes

A: no_evident_not_easy_check-in
B: no_one_give_key_on_late_check-in
Answer: No

A: no_evident_not_great_quality
B: shampoo_seem_cheap_considering_hotel_cost
Answer: Yes

A: no_evident_not_great_quality
B: expensive_hotel
Answer: No

Now answer for this pair. Output ONLY the final line ""Answer: Yes"" or ""Answer: No"" — no other text.

A: no_evident_not_recently_refurbished_hotel
B: well_furnished_hotel
Answer:
","A: no_evident_not_recently_refurbished_hotel
B: well_furnished_hotel
Answer: No"
2026-08-16 22:11:49,1,21619,no_evident_not_neat_facility,lovely_little_hotel,"Task: decide if Proposition B contradicts Assumption A.

Steps:
1. A defends a claim (strip ""no_evident_not_"" / ""have_evident_"" to see it).
2. B states a fact.
3. Does B disprove A's claim? Same specific issue only, not just same topic.

Output pattern (always use this exact shape):
A: <phrase>
B: <phrase>
Answer: Yes/No

Examples:

A: no_evident_not_easy_check-in
B: customer_wait_10_minute_for_greet
Answer: Yes

A: no_evident_not_easy_check-in
B: no_one_give_key_on_late_check-in
Answer: No

A: no_evident_not_great_quality
B: shampoo_seem_cheap_considering_hotel_cost
Answer: Yes

A: no_evident_not_great_quality
B: expensive_hotel
Answer: No

Now answer for this pair. Output ONLY the final line ""Answer: Yes"" or ""Answer: No"" — no other text.

A: no_evident_not_neat_facility
B: lovely_little_hotel
Answer:
","A: no_evident_not_neat_facility
B: lovely_little_hotel
Answer: No"
2026-08-16 22:11:49,1,15575,no_evident_not_excellent_inside,bright_hotel,"Task: decide if Proposition B contradicts Assumption A.

Steps:
1. A defends a claim (strip ""no_evident_not_"" / ""have_evident_"" to see it).
2. B states a fact.
3. Does B disprove A's claim? Same specific issue only, not just same topic.

Output pattern (always use this exact shape):
A: <phrase>
B: <phrase>
Answer: Yes/No

Examples:

A: no_evident_not_easy_check-in
B: customer_wait_10_minute_for_greet
Answer: Yes

A: no_evident_not_easy_check-in
B: no_one_give_key_on_late_check-in
Answer: No

A: no_evident_not_great_quality
B: shampoo_seem_cheap_considering_hotel_cost
Answer: Yes

A: no_evident_not_great_quality
B: expensive_hotel
Answer: No

Now answer for this pair. Output ONLY the final line ""Answer: Yes"" or ""Answer: No"" — no other text.

A: no_evident_not_excellent_inside
B: bright_hotel
Answer:
","A: no_evident_not_excellent_inside
B: bright_hotel
Answer: No"
2026-08-16 22:11:49,1,31027,no_evident_not_has_swimming_pool,everything_great,"Task: decide if Proposition B contradicts Assumption A.

Steps:
1. A defends a claim (strip ""no_evident_not_"" / ""have_evident_"" to see it).
2. B states a fact.
3. Does B disprove A's claim? Same specific issue only, not just same topic.

Output pattern (always use this exact shape):
A: <phrase>
B: <phrase>
Answer: Yes/No

Examples:

A: no_evident_not_easy_check-in
B: customer_wait_10_minute_for_greet
Answer: Yes

A: no_evident_not_easy_check-in
B: no_one_give_key_on_late_check-in
Answer: No

A: no_evident_not_great_quality
B: shampoo_seem_cheap_considering_hotel_cost
Answer: Yes

A: no_evident_not_great_quality
B: expensive_hotel
Answer: No

Now answer for this pair. Output ONLY the final line ""Answer: Yes"" or ""Answer: No"" — no other text.

A: no_evident_not_has_swimming_pool
B: everything_great
Answer:
","A: no_evident_not_has_swimming_pool
B: everything_great
Answer: No"
2026-08-16 22:11:50,1,18016,no_evident_not_clear_interior,everything_spotless_clean,"Task: decide if Proposition B contradicts Assumption A.

Steps:
1. A defends a claim (strip ""no_evident_not_"" / ""have_evident_"" to see it).
2. B states a fact.
3. Does B disprove A's claim? Same specific issue only, not just same topic.

Output pattern (always use this exact shape):
A: <phrase>
B: <phrase>
Answer: Yes/No

Examples:

A: no_evident_not_easy_check-in
B: customer_wait_10_minute_for_greet
Answer: Yes

A: no_evident_not_easy_check-in
B: no_one_give_key_on_late_check-in
Answer: No

A: no_evident_not_great_quality
B: shampoo_seem_cheap_considering_hotel_cost
Answer: Yes

A: no_evident_not_great_quality
B: expensive_hotel
Answer: No

Now answer for this pair. Output ONLY the final line ""Answer: Yes"" or ""Answer: No"" — no other text.

A: no_evident_not_clear_interior
B: everything_spotless_clean
Answer:
","A: no_evident_not_clear_interior
B: everything_spotless_clean
Answer: No"
2026-08-16 22:11:50,1,5411,no_evident_not_everything_beautiful,lovely_hotel,"Task: decide if Proposition B contradicts Assumption A.

Steps:
1. A defends a claim (strip ""no_evident_not_"" / ""have_evident_"" to see it).
2. B states a fact.
3. Does B disprove A's claim? Same specific issue only, not just same topic.

Output pattern (always use this exact shape):
A: <phrase>
B: <phrase>
Answer: Yes/No

Examples:

A: no_evident_not_easy_check-in
B: customer_wait_10_minute_for_greet
Answer: Yes

A: no_evident_not_easy_check-in
B: no_one_give_key_on_late_check-in
Answer: No

A: no_evident_not_great_quality
B: shampoo_seem_cheap_considering_hotel_cost
Answer: Yes

A: no_evident_not_great_quality
B: expensive_hotel
Answer: No

Now answer for this pair. Output ONLY the final line ""Answer: Yes"" or ""Answer: No"" — no other text.

A: no_evident_not_everything_beautiful
B: lovely_hotel
Answer:
","A: no_evident_not_everything_beautiful
B: lovely_hotel
Answer: No"
2026-08-16 22:11:50,1,8686,no_evident_not_beautifully_kept_hotel,offered_drink,"Task: decide if Proposition B contradicts Assumption A.

Steps:
1. A defends a claim (strip ""no_evident_not_"" / ""have_evident_"" to see it).
2. B states a fact.
3. Does B disprove A's claim? Same specific issue only, not just same topic.

Output pattern (always use this exact shape):
A: <phrase>
B: <phrase>
Answer: Yes/No

Examples:

A: no_evident_not_easy_check-in
B: customer_wait_10_minute_for_greet
Answer: Yes

A: no_evident_not_easy_check-in
B: no_one_give_key_on_late_check-in
Answer: No

A: no_evident_not_great_quality
B: shampoo_seem_cheap_considering_hotel_cost
Answer: Yes

A: no_evident_not_great_quality
B: expensive_hotel
Answer: No

Now answer for this pair. Output ONLY the final line ""Answer: Yes"" or ""Answer: No"" — no other text.

A: no_evident_not_beautifully_kept_hotel
B: offered_drink
Answer:
","A: no_evident_not_beautifully_kept_hotel
B: offered_drink
Answer: No"
2026-08-16 22:11:51,1,17291,no_evident_not_well_situated_hotel,lovely_hotel,"Task: decide if Proposition B contradicts Assumption A.

Steps:
1. A defends a claim (strip ""no_evident_not_"" / ""have_evident_"" to see it).
2. B states a fact.
3. Does B disprove A's claim? Same specific issue only, not just same topic.

Output pattern (always use this exact shape):
A: <phrase>
B: <phrase>
Answer: Yes/No

Examples:

A: no_evident_not_easy_check-in
B: customer_wait_10_minute_for_greet
Answer: Yes

A: no_evident_not_easy_check-in
B: no_one_give_key_on_late_check-in
Answer: No

A: no_evident_not_great_quality
B: shampoo_seem_cheap_considering_hotel_cost
Answer: Yes

A: no_evident_not_great_quality
B: expensive_hotel
Answer: No

Now answer for this pair. Output ONLY the final line ""Answer: Yes"" or ""Answer: No"" — no other text.

A: no_evident_not_well_situated_hotel
B: lovely_hotel
Answer:
","A: no_evident_not_well_situated_hotel
B: lovely_hotel
Answer: No"
2026-08-16 22:11:51,1,28588,no_evident_not_excellent_option,neat_hotel,"Task: decide if Proposition B contradicts Assumption A.

Steps:
1. A defends a claim (strip ""no_evident_not_"" / ""have_evident_"" to see it).
2. B states a fact.
3. Does B disprove A's claim? Same specific issue only, not just same topic.

Output pattern (always use this exact shape):
A: <phrase>
B: <phrase>
Answer: Yes/No

Examples:

A: no_evident_not_easy_check-in
B: customer_wait_10_minute_for_greet
Answer: Yes

A: no_evident_not_easy_check-in
B: no_one_give_key_on_late_check-in
Answer: No

A: no_evident_not_great_quality
B: shampoo_seem_cheap_considering_hotel_cost
Answer: Yes

A: no_evident_not_great_quality
B: expensive_hotel
Answer: No

Now answer for this pair. Output ONLY the final line ""Answer: Yes"" or ""Answer: No"" — no other text.

A: no_evident_not_excellent_option
B: neat_hotel
Answer:
","A: no_evident_not_excellent_option
B: neat_hotel
Answer: No"
2026-08-16 22:11:51,1,19877,no_evident_not_wonderful_hotel,good_wifi,"Task: decide if Proposition B contradicts Assumption A.

Steps:
1. A defends a claim (strip ""no_evident_not_"" / ""have_evident_"" to see it).
2. B states a fact.
3. Does B disprove A's claim? Same specific issue only, not just same topic.

Output pattern (always use this exact shape):
A: <phrase>
B: <phrase>
Answer: Yes/No

Examples:

A: no_evident_not_easy_check-in
B: customer_wait_10_minute_for_greet
Answer: Yes

A: no_evident_not_easy_check-in
B: no_one_give_key_on_late_check-in
Answer: No

A: no_evident_not_great_quality
B: shampoo_seem_cheap_considering_hotel_cost
Answer: Yes

A: no_evident_not_great_quality
B: expensive_hotel
Answer: No

Now answer for this pair. Output ONLY the final line ""Answer: Yes"" or ""Answer: No"" — no other text.

A: no_evident_not_wonderful_hotel
B: good_wifi
Answer:
",Answer: No
2026-08-16 22:11:51,1,13866,no_evident_not_lovely_family_hotel,nice_hotel,"Task: decide if Proposition B contradicts Assumption A.

Steps:
1. A defends a claim (strip ""no_evident_not_"" / ""have_evident_"" to see it).
2. B states a fact.
3. Does B disprove A's claim? Same specific issue only, not just same topic.

Output pattern (always use this exact shape):
A: <phrase>
B: <phrase>
Answer: Yes/No

Examples:

A: no_evident_not_easy_check-in
B: customer_wait_10_minute_for_greet
Answer: Yes

A: no_evident_not_easy_check-in
B: no_one_give_key_on_late_check-in
Answer: No

A: no_evident_not_great_quality
B: shampoo_seem_cheap_considering_hotel_cost
Answer: Yes

A: no_evident_not_great_quality
B: expensive_hotel
Answer: No

Now answer for this pair. Output ONLY the final line ""Answer: Yes"" or ""Answer: No"" — no other text.

A: no_evident_not_lovely_family_hotel
B: nice_hotel
Answer:
","A: no_evident_not_lovely_family_hotel
B: nice_hotel
Answer: No"
2026-08-16 22:11:52,1,31601,no_evident_not_well_equipped_hotel,clear_interior,"Task: decide if Proposition B contradicts Assumption A.

Steps:
1. A defends a claim (strip ""no_evident_not_"" / ""have_evident_"" to see it).
2. B states a fact.
3. Does B disprove A's claim? Same specific issue only, not just same topic.

Output pattern (always use this exact shape):
A: <phrase>
B: <phrase>
Answer: Yes/No

Examples:

A: no_evident_not_easy_check-in
B: customer_wait_10_minute_for_greet
Answer: Yes

A: no_evident_not_easy_check-in
B: no_one_give_key_on_late_check-in
Answer: No

A: no_evident_not_great_quality
B: shampoo_seem_cheap_considering_hotel_cost
Answer: Yes

A: no_evident_not_great_quality
B: expensive_hotel
Answer: No

Now answer for this pair. Output ONLY the final line ""Answer: Yes"" or ""Answer: No"" — no other text.

A: no_evident_not_well_equipped_hotel
B: clear_interior
Answer:
","A: no_evident_not_well_equipped_hotel
B: clear_interior
Answer: No"
2026-08-16 22:11:52,1,6941,no_evident_not_family_establishment,clear_interior,"Task: decide if Proposition B contradicts Assumption A.

Steps:
1. A defends a claim (strip ""no_evident_not_"" / ""have_evident_"" to see it).
2. B states a fact.
3. Does B disprove A's claim? Same specific issue only, not just same topic.

Output pattern (always use this exact shape):
A: <phrase>
B: <phrase>
Answer: Yes/No

Examples:

A: no_evident_not_easy_check-in
B: customer_wait_10_minute_for_greet
Answer: Yes

A: no_evident_not_easy_check-in
B: no_one_give_key_on_late_check-in
Answer: No

A: no_evident_not_great_quality
B: shampoo_seem_cheap_considering_hotel_cost
Answer: Yes

A: no_evident_not_great_quality
B: expensive_hotel
Answer: No

Now answer for this pair. Output ONLY the final line ""Answer: Yes"" or ""Answer: No"" — no other text.

A: no_evident_not_family_establishment
B: clear_interior
Answer:
","A: no_evident_not_family_establishment
B: clear_interior
Answer: No"
2026-08-16 22:11:52,1,30439,no_evident_not_well_kept_hotel,lovely_little_hotel,"Task: decide if Proposition B contradicts Assumption A.

Steps:
1. A defends a claim (strip ""no_evident_not_"" / ""have_evident_"" to see it).
2. B states a fact.
3. Does B disprove A's claim? Same specific issue only, not just same topic.

Output pattern (always use this exact shape):
A: <phrase>
B: <phrase>
Answer: Yes/No

Examples:

A: no_evident_not_easy_check-in
B: customer_wait_10_minute_for_greet
Answer: Yes

A: no_evident_not_easy_check-in
B: no_one_give_key_on_late_check-in
Answer: No

A: no_evident_not_great_quality
B: shampoo_seem_cheap_considering_hotel_cost
Answer: Yes

A: no_evident_not_great_quality
B: expensive_hotel
Answer: No

Now answer for this pair. Output ONLY the final line ""Answer: Yes"" or ""Answer: No"" — no other text.

A: no_evident_not_well_kept_hotel
B: lovely_little_hotel
Answer:
","A: no_evident_not_well_kept_hotel
B: lovely_little_hotel
Answer: No"
2026-08-16 22:11:53,1,17672,no_evident_not_5_star_hotel,wonderful_facility,"Task: decide if Proposition B contradicts Assumption A.

Steps:
1. A defends a claim (strip ""no_evident_not_"" / ""have_evident_"" to see it).
2. B states a fact.
3. Does B disprove A's claim? Same specific issue only, not just same topic.

Output pattern (always use this exact shape):
A: <phrase>
B: <phrase>
Answer: Yes/No

Examples:

A: no_evident_not_easy_check-in
B: customer_wait_10_minute_for_greet
Answer: Yes

A: no_evident_not_easy_check-in
B: no_one_give_key_on_late_check-in
Answer: No

A: no_evident_not_great_quality
B: shampoo_seem_cheap_considering_hotel_cost
Answer: Yes

A: no_evident_not_great_quality
B: expensive_hotel
Answer: No

Now answer for this pair. Output ONLY the final line ""Answer: Yes"" or ""Answer: No"" — no other text.

A: no_evident_not_5_star_hotel
B: wonderful_facility
Answer:
",Answer: No
2026-08-16 22:11:53,1,24749,no_evident_not_intimate_hotel,simple_decoration,"Task: decide if Proposition B contradicts Assumption A.

Steps:
1. A defends a claim (strip ""no_evident_not_"" / ""have_evident_"" to see it).
2. B states a fact.
3. Does B disprove A's claim? Same specific issue only, not just same topic.

Output pattern (always use this exact shape):
A: <phrase>
B: <phrase>
Answer: Yes/No

Examples:

A: no_evident_not_easy_check-in
B: customer_wait_10_minute_for_greet
Answer: Yes

A: no_evident_not_easy_check-in
B: no_one_give_key_on_late_check-in
Answer: No

A: no_evident_not_great_quality
B: shampoo_seem_cheap_considering_hotel_cost
Answer: Yes

A: no_evident_not_great_quality
B: expensive_hotel
Answer: No

Now answer for this pair. Output ONLY the final line ""Answer: Yes"" or ""Answer: No"" — no other text.

A: no_evident_not_intimate_hotel
B: simple_decoration
Answer:
","A: no_evident_not_intimate_hotel
B: simple_decoration
Answer: No"
2026-08-16 22:11:53,1,23919,no_evident_not_new_reception,excellent_option,"Task: decide if Proposition B contradicts Assumption A.

Steps:
1. A defends a claim (strip ""no_evident_not_"" / ""have_evident_"" to see it).
2. B states a fact.
3. Does B disprove A's claim? Same specific issue only, not just same topic.

Output pattern (always use this exact shape):
A: <phrase>
B: <phrase>
Answer: Yes/No

Examples:

A: no_evident_not_easy_check-in
B: customer_wait_10_minute_for_greet
Answer: Yes

A: no_evident_not_easy_check-in
B: no_one_give_key_on_late_check-in
Answer: No

A: no_evident_not_great_quality
B: shampoo_seem_cheap_considering_hotel_cost
Answer: Yes

A: no_evident_not_great_quality
B: expensive_hotel
Answer: No

Now answer for this pair. Output ONLY the final line ""Answer: Yes"" or ""Answer: No"" — no other text.

A: no_evident_not_new_reception
B: excellent_option
Answer:
","A: no_evident_not_new_reception
B: reception_area_being_renovated
Answer: Yes"
2026-08-16 22:11:54,1,22606,no_evident_not_pleasant_hotel,brand_new_furniture,"Task: decide if Proposition B contradicts Assumption A.

Steps:
1. A defends a claim (strip ""no_evident_not_"" / ""have_evident_"" to see it).
2. B states a fact.
3. Does B disprove A's claim? Same specific issue only, not just same topic.

Output pattern (always use this exact shape):
A: <phrase>
B: <phrase>
Answer: Yes/No

Examples:

A: no_evident_not_easy_check-in
B: customer_wait_10_minute_for_greet
Answer: Yes

A: no_evident_not_easy_check-in
B: no_one_give_key_on_late_check-in
Answer: No

A: no_evident_not_great_quality
B: shampoo_seem_cheap_considering_hotel_cost
Answer: Yes

A: no_evident_not_great_quality
B: expensive_hotel
Answer: No

Now answer for this pair. Output ONLY the final line ""Answer: Yes"" or ""Answer: No"" — no other text.

A: no_evident_not_pleasant_hotel
B: brand_new_furniture
Answer:
","A: no_evident_not_pleasant_hotel
B: brand_new_furniture
Answer: No"
2026-08-16 22:11:54,1,6592,no_evident_not_amazing_hotel,exceeded_expectation_hotel,"Task: decide if Proposition B contradicts Assumption A.

Steps:
1. A defends a claim (strip ""no_evident_not_"" / ""have_evident_"" to see it).
2. B states a fact.
3. Does B disprove A's claim? Same specific issue only, not just same topic.

Output pattern (always use this exact shape):
A: <phrase>
B: <phrase>
Answer: Yes/No

Examples:

A: no_evident_not_easy_check-in
B: customer_wait_10_minute_for_greet
Answer: Yes

A: no_evident_not_easy_check-in
B: no_one_give_key_on_late_check-in
Answer: No

A: no_evident_not_great_quality
B: shampoo_seem_cheap_considering_hotel_cost
Answer: Yes

A: no_evident_not_great_quality
B: expensive_hotel
Answer: No

Now answer for this pair. Output ONLY the final line ""Answer: Yes"" or ""Answer: No"" — no other text.

A: no_evident_not_amazing_hotel
B: exceeded_expectation_hotel
Answer:
","A: no_evident_not_amazing_hotel
B: exceeded_expectation_hotel
Answer: Yes"
2026-08-16 22:11:54,1,23362,no_evident_not_close_car_park,recently_freshed_up,"Task: decide if Proposition B contradicts Assumption A.

Steps:
1. A defends a claim (strip ""no_evident_not_"" / ""have_evident_"" to see it).
2. B states a fact.
3. Does B disprove A's claim? Same specific issue only, not just same topic.

Output pattern (always use this exact shape):
A: <phrase>
B: <phrase>
Answer: Yes/No

Examples:

A: no_evident_not_easy_check-in
B: customer_wait_10_minute_for_greet
Answer: Yes

A: no_evident_not_easy_check-in
B: no_one_give_key_on_late_check-in
Answer: No

A: no_evident_not_great_quality
B: shampoo_seem_cheap_considering_hotel_cost
Answer: Yes

A: no_evident_not_great_quality
B: expensive_hotel
Answer: No

Now answer for this pair. Output ONLY the final line ""Answer: Yes"" or ""Answer: No"" — no other text.

A: no_evident_not_close_car_park
B: recently_freshed_up
Answer:
","A: no_evident_not_close_car_park
B: recently_freshed_up
Answer: No"
2026-08-16 22:11:55,1,10215,no_evident_not_modern_small_hotel,as_expected_hotel,"Task: decide if Proposition B contradicts Assumption A.

Steps:
1. A defends a claim (strip ""no_evident_not_"" / ""have_evident_"" to see it).
2. B states a fact.
3. Does B disprove A's claim? Same specific issue only, not just same topic.

Output pattern (always use this exact shape):
A: <phrase>
B: <phrase>
Answer: Yes/No

Examples:

A: no_evident_not_easy_check-in
B: customer_wait_10_minute_for_greet
Answer: Yes

A: no_evident_not_easy_check-in
B: no_one_give_key_on_late_check-in
Answer: No

A: no_evident_not_great_quality
B: shampoo_seem_cheap_considering_hotel_cost
Answer: Yes

A: no_evident_not_great_quality
B: expensive_hotel
Answer: No

Now answer for this pair. Output ONLY the final line ""Answer: Yes"" or ""Answer: No"" — no other text.

A: no_evident_not_modern_small_hotel
B: as_expected_hotel
Answer:
","A: no_evident_not_modern_small_hotel
B: as_expected_hotel
Answer: No"
2026-08-16 22:11:55,1,13075,no_evident_not_feel_welcome_from_arrival_moment,pet_friendly,"Task: decide if Proposition B contradicts Assumption A.

Steps:
1. A defends a claim (strip ""no_evident_not_"" / ""have_evident_"" to see it).
2. B states a fact.
3. Does B disprove A's claim? Same specific issue only, not just same topic.

Output pattern (always use this exact shape):
A: <phrase>
B: <phrase>
Answer: Yes/No

Examples:

A: no_evident_not_easy_check-in
B: customer_wait_10_minute_for_greet
Answer: Yes

A: no_evident_not_easy_check-in
B: no_one_give_key_on_late_check-in
Answer: No

A: no_evident_not_great_quality
B: shampoo_seem_cheap_considering_hotel_cost
Answer: Yes

A: no_evident_not_great_quality
B: expensive_hotel
Answer: No

Now answer for this pair. Output ONLY the final line ""Answer: Yes"" or ""Answer: No"" — no other text.

A: no_evident_not_feel_welcome_from_arrival_moment
B: pet_friendly
Answer:
","A: no_evident_not_feel_welcome_from_arrival_moment
B: pet_friendly
Answer: No"
2026-08-16 22:11:55,1,22010,no_evident_not_feel_like_home_hotel,happy_with_service,"Task: decide if Proposition B contradicts Assumption A.

Steps:
1. A defends a claim (strip ""no_evident_not_"" / ""have_evident_"" to see it).
2. B states a fact.
3. Does B disprove A's claim? Same specific issue only, not just same topic.

Output pattern (always use this exact shape):
A: <phrase>
B: <phrase>
Answer: Yes/No

Examples:

A: no_evident_not_easy_check-in
B: customer_wait_10_minute_for_greet
Answer: Yes

A: no_evident_not_easy_check-in
B: no_one_give_key_on_late_check-in
Answer: No

A: no_evident_not_great_quality
B: shampoo_seem_cheap_considering_hotel_cost
Answer: Yes

A: no_evident_not_great_quality
B: expensive_hotel
Answer: No

Now answer for this pair. Output ONLY the final line ""Answer: Yes"" or ""Answer: No"" — no other text.

A: no_evident_not_feel_like_home_hotel
B: happy_with_service
Answer:
","A: no_evident_not_feel_like_home_hotel
B: happy_with_service
Answer: No"
2026-08-16 22:11:56,1,12237,no_evident_not_well_furnished_hotel,all_furniture_new,"Task: decide if Proposition B contradicts Assumption A.

Steps:
1. A defends a claim (strip ""no_evident_not_"" / ""have_evident_"" to see it).
2. B states a fact.
3. Does B disprove A's claim? Same specific issue only, not just same topic.

Output pattern (always use this exact shape):
A: <phrase>
B: <phrase>
Answer: Yes/No

Examples:

A: no_evident_not_easy_check-in
B: customer_wait_10_minute_for_greet
Answer: Yes

A: no_evident_not_easy_check-in
B: no_one_give_key_on_late_check-in
Answer: No

A: no_evident_not_great_quality
B: shampoo_seem_cheap_considering_hotel_cost
Answer: Yes

A: no_evident_not_great_quality
B: expensive_hotel
Answer: No

Now answer for this pair. Output ONLY the final line ""Answer: Yes"" or ""Answer: No"" — no other text.

A: no_evident_not_well_furnished_hotel
B: all_furniture_new
Answer:
","A: no_evident_not_well_furnished_hotel
B: all_furniture_new
Answer: No"
2026-08-16 22:11:56,1,14356,no_evident_not_all_you_need_for_great_holiday,good_quality_hotel,"Task: decide if Proposition B contradicts Assumption A.

Steps:
1. A defends a claim (strip ""no_evident_not_"" / ""have_evident_"" to see it).
2. B states a fact.
3. Does B disprove A's claim? Same specific issue only, not just same topic.

Output pattern (always use this exact shape):
A: <phrase>
B: <phrase>
Answer: Yes/No

Examples:

A: no_evident_not_easy_check-in
B: customer_wait_10_minute_for_greet
Answer: Yes

A: no_evident_not_easy_check-in
B: no_one_give_key_on_late_check-in
Answer: No

A: no_evident_not_great_quality
B: shampoo_seem_cheap_considering_hotel_cost
Answer: Yes

A: no_evident_not_great_quality
B: expensive_hotel
Answer: No

Now answer for this pair. Output ONLY the final line ""Answer: Yes"" or ""Answer: No"" — no other text.

A: no_evident_not_all_you_need_for_great_holiday
B: good_quality_hotel
Answer:
","A: no_evident_not_all_you_need_for_great_holiday
B: good_quality_hotel
Answer: No"
2026-08-16 22:11:56,1,29479,no_evident_not_clean_lobby,cozy_terrace,"Task: decide if Proposition B contradicts Assumption A.

Steps:
1. A defends a claim (strip ""no_evident_not_"" / ""have_evident_"" to see it).
2. B states a fact.
3. Does B disprove A's claim? Same specific issue only, not just same topic.

Output pattern (always use this exact shape):
A: <phrase>
B: <phrase>
Answer: Yes/No

Examples:

A: no_evident_not_easy_check-in
B: customer_wait_10_minute_for_greet
Answer: Yes

A: no_evident_not_easy_check-in
B: no_one_give_key_on_late_check-in
Answer: No

A: no_evident_not_great_quality
B: shampoo_seem_cheap_considering_hotel_cost
Answer: Yes

A: no_evident_not_great_quality
B: expensive_hotel
Answer: No

Now answer for this pair. Output ONLY the final line ""Answer: Yes"" or ""Answer: No"" — no other text.

A: no_evident_not_clean_lobby
B: cozy_terrace
Answer:
",Answer: No
2026-08-16 22:11:56,1,16960,no_evident_not_bright_hotel,great_hotel,"Task: decide if Proposition B contradicts Assumption A.

Steps:
1. A defends a claim (strip ""no_evident_not_"" / ""have_evident_"" to see it).
2. B states a fact.
3. Does B disprove A's claim? Same specific issue only, not just same topic.

Output pattern (always use this exact shape):
A: <phrase>
B: <phrase>
Answer: Yes/No

Examples:

A: no_evident_not_easy_check-in
B: customer_wait_10_minute_for_greet
Answer: Yes

A: no_evident_not_easy_check-in
B: no_one_give_key_on_late_check-in
Answer: No

A: no_evident_not_great_quality
B: shampoo_seem_cheap_considering_hotel_cost
Answer: Yes

A: no_evident_not_great_quality
B: expensive_hotel
Answer: No

Now answer for this pair. Output ONLY the final line ""Answer: Yes"" or ""Answer: No"" — no other text.

A: no_evident_not_bright_hotel
B: great_hotel
Answer:
",Answer: Yes
2026-08-16 22:11:56,1,14795,no_evident_not_best_hotel,fantastic_service,"Task: decide if Proposition B contradicts Assumption A.

Steps:
1. A defends a claim (strip ""no_evident_not_"" / ""have_evident_"" to see it).
2. B states a fact.
3. Does B disprove A's claim? Same specific issue only, not just same topic.

Output pattern (always use this exact shape):
A: <phrase>
B: <phrase>
Answer: Yes/No

Examples:

A: no_evident_not_easy_check-in
B: customer_wait_10_minute_for_greet
Answer: Yes

A: no_evident_not_easy_check-in
B: no_one_give_key_on_late_check-in
Answer: No

A: no_evident_not_great_quality
B: shampoo_seem_cheap_considering_hotel_cost
Answer: Yes

A: no_evident_not_great_quality
B: expensive_hotel
Answer: No

Now answer for this pair. Output ONLY the final line ""Answer: Yes"" or ""Answer: No"" — no other text.

A: no_evident_not_best_hotel
B: fantastic_service
Answer:
",Answer: No
2026-08-16 22:11:56,1,3966,no_evident_not_refurbished_hotel,nice_hotel,"Task: decide if Proposition B contradicts Assumption A.

Steps:
1. A defends a claim (strip ""no_evident_not_"" / ""have_evident_"" to see it).
2. B states a fact.
3. Does B disprove A's claim? Same specific issue only, not just same topic.

Output pattern (always use this exact shape):
A: <phrase>
B: <phrase>
Answer: Yes/No

Examples:

A: no_evident_not_easy_check-in
B: customer_wait_10_minute_for_greet
Answer: Yes

A: no_evident_not_easy_check-in
B: no_one_give_key_on_late_check-in
Answer: No

A: no_evident_not_great_quality
B: shampoo_seem_cheap_considering_hotel_cost
Answer: Yes

A: no_evident_not_great_quality
B: expensive_hotel
Answer: No

Now answer for this pair. Output ONLY the final line ""Answer: Yes"" or ""Answer: No"" — no other text.

A: no_evident_not_refurbished_hotel
B: nice_hotel
Answer:
","A: no_evident_not_refurbished_hotel
B: nice_hotel
Answer: No"
2026-08-16 22:11:57,1,8124,no_evident_not_offered_drink,recently_refurbished_hotel,"Task: decide if Proposition B contradicts Assumption A.

Steps:
1. A defends a claim (strip ""no_evident_not_"" / ""have_evident_"" to see it).
2. B states a fact.
3. Does B disprove A's claim? Same specific issue only, not just same topic.

Output pattern (always use this exact shape):
A: <phrase>
B: <phrase>
Answer: Yes/No

Examples:

A: no_evident_not_easy_check-in
B: customer_wait_10_minute_for_greet
Answer: Yes

A: no_evident_not_easy_check-in
B: no_one_give_key_on_late_check-in
Answer: No

A: no_evident_not_great_quality
B: shampoo_seem_cheap_considering_hotel_cost
Answer: Yes

A: no_evident_not_great_quality
B: expensive_hotel
Answer: No

Now answer for this pair. Output ONLY the final line ""Answer: Yes"" or ""Answer: No"" — no other text.

A: no_evident_not_offered_drink
B: recently_refurbished_hotel
Answer:
","A: no_evident_not_offered_drink
B: recently_refurbished_hotel
Answer: No"
2026-08-16 22:11:57,1,7363,no_evident_not_quiet_hotel,comfortable_hall,"Task: decide if Proposition B contradicts Assumption A.

Steps:
1. A defends a claim (strip ""no_evident_not_"" / ""have_evident_"" to see it).
2. B states a fact.
3. Does B disprove A's claim? Same specific issue only, not just same topic.

Output pattern (always use this exact shape):
A: <phrase>
B: <phrase>
Answer: Yes/No

Examples:

A: no_evident_not_easy_check-in
B: customer_wait_10_minute_for_greet
Answer: Yes

A: no_evident_not_easy_check-in
B: no_one_give_key_on_late_check-in
Answer: No

A: no_evident_not_great_quality
B: shampoo_seem_cheap_considering_hotel_cost
Answer: Yes

A: no_evident_not_great_quality
B: expensive_hotel
Answer: No

Now answer for this pair. Output ONLY the final line ""Answer: Yes"" or ""Answer: No"" — no other text.

A: no_evident_not_quiet_hotel
B: comfortable_hall
Answer:
","A: no_evident_not_quiet_hotel
B: comfortable_hall
Answer: No"
2026-08-16 22:11:57,1,2099,no_evident_not_peaceful_facility,airy_hotel,"Task: decide if Proposition B contradicts Assumption A.

Steps:
1. A defends a claim (strip ""no_evident_not_"" / ""have_evident_"" to see it).
2. B states a fact.
3. Does B disprove A's claim? Same specific issue only, not just same topic.

Output pattern (always use this exact shape):
A: <phrase>
B: <phrase>
Answer: Yes/No

Examples:

A: no_evident_not_easy_check-in
B: customer_wait_10_minute_for_greet
Answer: Yes

A: no_evident_not_easy_check-in
B: no_one_give_key_on_late_check-in
Answer: No

A: no_evident_not_great_quality
B: shampoo_seem_cheap_considering_hotel_cost
Answer: Yes

A: no_evident_not_great_quality
B: expensive_hotel
Answer: No

Now answer for this pair. Output ONLY the final line ""Answer: Yes"" or ""Answer: No"" — no other text.

A: no_evident_not_peaceful_facility
B: airy_hotel
Answer:
","A: no_evident_not_peaceful_facility
B: airy_hotel
Answer: No"
2026-08-16 22:11:58,1,11079,no_evident_not_flexible_with_our_schedule,5_star_hotel,"Task: decide if Proposition B contradicts Assumption A.

Steps:
1. A defends a claim (strip ""no_evident_not_"" / ""have_evident_"" to see it).
2. B states a fact.
3. Does B disprove A's claim? Same specific issue only, not just same topic.

Output pattern (always use this exact shape):
A: <phrase>
B: <phrase>
Answer: Yes/No

Examples:

A: no_evident_not_easy_check-in
B: customer_wait_10_minute_for_greet
Answer: Yes

A: no_evident_not_easy_check-in
B: no_one_give_key_on_late_check-in
Answer: No

A: no_evident_not_great_quality
B: shampoo_seem_cheap_considering_hotel_cost
Answer: Yes

A: no_evident_not_great_quality
B: expensive_hotel
Answer: No

Now answer for this pair. Output ONLY the final line ""Answer: Yes"" or ""Answer: No"" — no other text.

A: no_evident_not_flexible_with_our_schedule
B: 5_star_hotel
Answer:
","A: no_evident_not_flexible_with_our_schedule
B: 5_star_hotel
Answer: No"
2026-08-16 22:11:58,1,690,no_evident_not_cozy_hotel,aesthetic_hotel,"Task: decide if Proposition B contradicts Assumption A.

Steps:
1. A defends a claim (strip ""no_evident_not_"" / ""have_evident_"" to see it).
2. B states a fact.
3. Does B disprove A's claim? Same specific issue only, not just same topic.

Output pattern (always use this exact shape):
A: <phrase>
B: <phrase>
Answer: Yes/No

Examples:

A: no_evident_not_easy_check-in
B: customer_wait_10_minute_for_greet
Answer: Yes

A: no_evident_not_easy_check-in
B: no_one_give_key_on_late_check-in
Answer: No

A: no_evident_not_great_quality
B: shampoo_seem_cheap_considering_hotel_cost
Answer: Yes

A: no_evident_not_great_quality
B: expensive_hotel
Answer: No

Now answer for this pair. Output ONLY the final line ""Answer: Yes"" or ""Answer: No"" — no other text.

A: no_evident_not_cozy_hotel
B: aesthetic_hotel
Answer:
","A: no_evident_not_cozy_hotel
B: aesthetic_hotel
Answer: No"
2026-08-16 22:11:59,1,19278,no_evident_not_recently_renovated_hotel,has_plenty_of_chair,"Task: decide if Proposition B contradicts Assumption A.

Steps:
1. A defends a claim (strip ""no_evident_not_"" / ""have_evident_"" to see it).
2. B states a fact.
3. Does B disprove A's claim? Same specific issue only, not just same topic.

Output pattern (always use this exact shape):
A: <phrase>
B: <phrase>
Answer: Yes/No

Examples:

A: no_evident_not_easy_check-in
B: customer_wait_10_minute_for_greet
Answer: Yes

A: no_evident_not_easy_check-in
B: no_one_give_key_on_late_check-in
Answer: No

A: no_evident_not_great_quality
B: shampoo_seem_cheap_considering_hotel_cost
Answer: Yes

A: no_evident_not_great_quality
B: expensive_hotel
Answer: No

Now answer for this pair. Output ONLY the final line ""Answer: Yes"" or ""Answer: No"" — no other text.

A: no_evident_not_recently_renovated_hotel
B: has_plenty_of_chair
Answer:
","A: no_evident_not_recently_renovated_hotel
B: has_plenty_of_chair
Answer: No"
2026-08-16 22:11:59,1,18151,no_evident_not_clear_interior,innovative_hotel,"Task: decide if Proposition B contradicts Assumption A.

Steps:
1. A defends a claim (strip ""no_evident_not_"" / ""have_evident_"" to see it).
2. B states a fact.
3. Does B disprove A's claim? Same specific issue only, not just same topic.

Output pattern (always use this exact shape):
A: <phrase>
B: <phrase>
Answer: Yes/No

Examples:

A: no_evident_not_easy_check-in
B: customer_wait_10_minute_for_greet
Answer: Yes

A: no_evident_not_easy_check-in
B: no_one_give_key_on_late_check-in
Answer: No

A: no_evident_not_great_quality
B: shampoo_seem_cheap_considering_hotel_cost
Answer: Yes

A: no_evident_not_great_quality
B: expensive_hotel
Answer: No

Now answer for this pair. Output ONLY the final line ""Answer: Yes"" or ""Answer: No"" — no other text.

A: no_evident_not_clear_interior
B: innovative_hotel
Answer:
","A: no_evident_not_clear_interior
B: innovative_hotel
Answer: No"
2026-08-16 22:11:59,1,7541,no_evident_not_contemporary_hotel,comfortable_street_terrace,"Task: decide if Proposition B contradicts Assumption A.

Steps:
1. A defends a claim (strip ""no_evident_not_"" / ""have_evident_"" to see it).
2. B states a fact.
3. Does B disprove A's claim? Same specific issue only, not just same topic.

Output pattern (always use this exact shape):
A: <phrase>
B: <phrase>
Answer: Yes/No

Examples:

A: no_evident_not_easy_check-in
B: customer_wait_10_minute_for_greet
Answer: Yes

A: no_evident_not_easy_check-in
B: no_one_give_key_on_late_check-in
Answer: No

A: no_evident_not_great_quality
B: shampoo_seem_cheap_considering_hotel_cost
Answer: Yes

A: no_evident_not_great_quality
B: expensive_hotel
Answer: No

Now answer for this pair. Output ONLY the final line ""Answer: Yes"" or ""Answer: No"" — no other text.

A: no_evident_not_contemporary_hotel
B: comfortable_street_terrace
Answer:
","A: no_evident_not_contemporary_hotel
B: comfortable_street_terrace
Answer: No"
2026-08-16 22:11:59,1,19283,no_evident_not_recently_renovated_hotel,refurbished_hotel,"Task: decide if Proposition B contradicts Assumption A.

Steps:
1. A defends a claim (strip ""no_evident_not_"" / ""have_evident_"" to see it).
2. B states a fact.
3. Does B disprove A's claim? Same specific issue only, not just same topic.

Output pattern (always use this exact shape):
A: <phrase>
B: <phrase>
Answer: Yes/No

Examples:

A: no_evident_not_easy_check-in
B: customer_wait_10_minute_for_greet
Answer: Yes

A: no_evident_not_easy_check-in
B: no_one_give_key_on_late_check-in
Answer: No

A: no_evident_not_great_quality
B: shampoo_seem_cheap_considering_hotel_cost
Answer: Yes

A: no_evident_not_great_quality
B: expensive_hotel
Answer: No

Now answer for this pair. Output ONLY the final line ""Answer: Yes"" or ""Answer: No"" — no other text.

A: no_evident_not_recently_renovated_hotel
B: refurbished_hotel
Answer:
","A: no_evident_not_recently_renovated_hotel
B: refurbished_hotel
Answer: Yes"
2026-08-16 22:12:00,1,7217,no_evident_not_quiet_hotel,everywhere_spotless_clean,"Task: decide if Proposition B contradicts Assumption A.

Steps:
1. A defends a claim (strip ""no_evident_not_"" / ""have_evident_"" to see it).
2. B states a fact.
3. Does B disprove A's claim? Same specific issue only, not just same topic.

Output pattern (always use this exact shape):
A: <phrase>
B: <phrase>
Answer: Yes/No

Examples:

A: no_evident_not_easy_check-in
B: customer_wait_10_minute_for_greet
Answer: Yes

A: no_evident_not_easy_check-in
B: no_one_give_key_on_late_check-in
Answer: No

A: no_evident_not_great_quality
B: shampoo_seem_cheap_considering_hotel_cost
Answer: Yes

A: no_evident_not_great_quality
B: expensive_hotel
Answer: No

Now answer for this pair. Output ONLY the final line ""Answer: Yes"" or ""Answer: No"" — no other text.

A: no_evident_not_quiet_hotel
B: everywhere_spotless_clean
Answer:
","A: no_evident_not_quiet_hotel
B: everywhere_spotless_clean
Answer: No"
2026-08-16 22:12:00,1,236,no_evident_not_comfortable_hotel,family_run_small_hotel,"Task: decide if Proposition B contradicts Assumption A.

Steps:
1. A defends a claim (strip ""no_evident_not_"" / ""have_evident_"" to see it).
2. B states a fact.
3. Does B disprove A's claim? Same specific issue only, not just same topic.

Output pattern (always use this exact shape):
A: <phrase>
B: <phrase>
Answer: Yes/No

Examples:

A: no_evident_not_easy_check-in
B: customer_wait_10_minute_for_greet
Answer: Yes

A: no_evident_not_easy_check-in
B: no_one_give_key_on_late_check-in
Answer: No

A: no_evident_not_great_quality
B: shampoo_seem_cheap_considering_hotel_cost
Answer: Yes

A: no_evident_not_great_quality
B: expensive_hotel
Answer: No

Now answer for this pair. Output ONLY the final line ""Answer: Yes"" or ""Answer: No"" — no other text.

A: no_evident_not_comfortable_hotel
B: family_run_small_hotel
Answer:
","A: no_evident_not_comfortable_hotel
B: family_run_small_hotel
Answer: Yes"
2026-08-16 22:12:00,1,2327,no_evident_not_clean_hotel,can_request_for_transfer_from_airport,"Task: decide if Proposition B contradicts Assumption A.

Steps:
1. A defends a claim (strip ""no_evident_not_"" / ""have_evident_"" to see it).
2. B states a fact.
3. Does B disprove A's claim? Same specific issue only, not just same topic.

Output pattern (always use this exact shape):
A: <phrase>
B: <phrase>
Answer: Yes/No

Examples:

A: no_evident_not_easy_check-in
B: customer_wait_10_minute_for_greet
Answer: Yes

A: no_evident_not_easy_check-in
B: no_one_give_key_on_late_check-in
Answer: No

A: no_evident_not_great_quality
B: shampoo_seem_cheap_considering_hotel_cost
Answer: Yes

A: no_evident_not_great_quality
B: expensive_hotel
Answer: No

Now answer for this pair. Output ONLY the final line ""Answer: Yes"" or ""Answer: No"" — no other text.

A: no_evident_not_clean_hotel
B: can_request_for_transfer_from_airport
Answer:
","A: no_evident_not_clean_hotel
B: can_request_for_transfer_from_airport
Answer: No"
2026-08-16 22:12:01,1,23195,no_evident_not_open_air_car_park,brilliant_hotel,"Task: decide if Proposition B contradicts Assumption A.

Steps:
1. A defends a claim (strip ""no_evident_not_"" / ""have_evident_"" to see it).
2. B states a fact.
3. Does B disprove A's claim? Same specific issue only, not just same topic.

Output pattern (always use this exact shape):
A: <phrase>
B: <phrase>
Answer: Yes/No

Examples:

A: no_evident_not_easy_check-in
B: customer_wait_10_minute_for_greet
Answer: Yes

A: no_evident_not_easy_check-in
B: no_one_give_key_on_late_check-in
Answer: No

A: no_evident_not_great_quality
B: shampoo_seem_cheap_considering_hotel_cost
Answer: Yes

A: no_evident_not_great_quality
B: expensive_hotel
Answer: No

Now answer for this pair. Output ONLY the final line ""Answer: Yes"" or ""Answer: No"" — no other text.

A: no_evident_not_open_air_car_park
B: brilliant_hotel
Answer:
","A: no_evident_not_open_air_car_park
B: brilliant_hotel
Answer: Yes"
2026-08-16 22:12:01,1,20680,no_evident_not_pet_friendly,clean_street_terrace,"Task: decide if Proposition B contradicts Assumption A.

Steps:
1. A defends a claim (strip ""no_evident_not_"" / ""have_evident_"" to see it).
2. B states a fact.
3. Does B disprove A's claim? Same specific issue only, not just same topic.

Output pattern (always use this exact shape):
A: <phrase>
B: <phrase>
Answer: Yes/No

Examples:

A: no_evident_not_easy_check-in
B: customer_wait_10_minute_for_greet
Answer: Yes

A: no_evident_not_easy_check-in
B: no_one_give_key_on_late_check-in
Answer: No

A: no_evident_not_great_quality
B: shampoo_seem_cheap_considering_hotel_cost
Answer: Yes

A: no_evident_not_great_quality
B: expensive_hotel
Answer: No

Now answer for this pair. Output ONLY the final line ""Answer: Yes"" or ""Answer: No"" — no other text.

A: no_evident_not_pet_friendly
B: clean_street_terrace
Answer:
","A: no_evident_not_pet_friendly
B: clean_street_terrace
Answer: No"
2026-08-16 22:12:01,1,1930,no_evident_not_lovely_hotel,close_car_park,"Task: decide if Proposition B contradicts Assumption A.

Steps:
1. A defends a claim (strip ""no_evident_not_"" / ""have_evident_"" to see it).
2. B states a fact.
3. Does B disprove A's claim? Same specific issue only, not just same topic.

Output pattern (always use this exact shape):
A: <phrase>
B: <phrase>
Answer: Yes/No

Examples:

A: no_evident_not_easy_check-in
B: customer_wait_10_minute_for_greet
Answer: Yes

A: no_evident_not_easy_check-in
B: no_one_give_key_on_late_check-in
Answer: No

A: no_evident_not_great_quality
B: shampoo_seem_cheap_considering_hotel_cost
Answer: Yes

A: no_evident_not_great_quality
B: expensive_hotel
Answer: No

Now answer for this pair. Output ONLY the final line ""Answer: Yes"" or ""Answer: No"" — no other text.

A: no_evident_not_lovely_hotel
B: close_car_park
Answer:
","A: no_evident_not_lovely_hotel
B: close_car_park
Answer: No"
2026-08-16 22:12:02,1,7502,no_evident_not_contemporary_hotel,take_COVID_prevention_measure,"Task: decide if Proposition B contradicts Assumption A.

Steps:
1. A defends a claim (strip ""no_evident_not_"" / ""have_evident_"" to see it).
2. B states a fact.
3. Does B disprove A's claim? Same specific issue only, not just same topic.

Output pattern (always use this exact shape):
A: <phrase>
B: <phrase>
Answer: Yes/No

Examples:

A: no_evident_not_easy_check-in
B: customer_wait_10_minute_for_greet
Answer: Yes

A: no_evident_not_easy_check-in
B: no_one_give_key_on_late_check-in
Answer: No

A: no_evident_not_great_quality
B: shampoo_seem_cheap_considering_hotel_cost
Answer: Yes

A: no_evident_not_great_quality
B: expensive_hotel
Answer: No

Now answer for this pair. Output ONLY the final line ""Answer: Yes"" or ""Answer: No"" — no other text.

A: no_evident_not_contemporary_hotel
B: take_COVID_prevention_measure
Answer:
",Answer: No
2026-08-16 22:12:02,1,2209,no_evident_not_clean_hotel,beautifully_kept_hotel,"Task: decide if Proposition B contradicts Assumption A.

Steps:
1. A defends a claim (strip ""no_evident_not_"" / ""have_evident_"" to see it).
2. B states a fact.
3. Does B disprove A's claim? Same specific issue only, not just same topic.

Output pattern (always use this exact shape):
A: <phrase>
B: <phrase>
Answer: Yes/No

Examples:

A: no_evident_not_easy_check-in
B: customer_wait_10_minute_for_greet
Answer: Yes

A: no_evident_not_easy_check-in
B: no_one_give_key_on_late_check-in
Answer: No

A: no_evident_not_great_quality
B: shampoo_seem_cheap_considering_hotel_cost
Answer: Yes

A: no_evident_not_great_quality
B: expensive_hotel
Answer: No

Now answer for this pair. Output ONLY the final line ""Answer: Yes"" or ""Answer: No"" — no other text.

A: no_evident_not_clean_hotel
B: beautifully_kept_hotel
Answer:
",Answer: No
2026-08-16 22:12:02,1,29669,no_evident_not_homely_atmosphere,stunning_hotel,"Task: decide if Proposition B contradicts Assumption A.

Steps:
1. A defends a claim (strip ""no_evident_not_"" / ""have_evident_"" to see it).
2. B states a fact.
3. Does B disprove A's claim? Same specific issue only, not just same topic.

Output pattern (always use this exact shape):
A: <phrase>
B: <phrase>
Answer: Yes/No

Examples:

A: no_evident_not_easy_check-in
B: customer_wait_10_minute_for_greet
Answer: Yes

A: no_evident_not_easy_check-in
B: no_one_give_key_on_late_check-in
Answer: No

A: no_evident_not_great_quality
B: shampoo_seem_cheap_considering_hotel_cost
Answer: Yes

A: no_evident_not_great_quality
B: expensive_hotel
Answer: No

Now answer for this pair. Output ONLY the final line ""Answer: Yes"" or ""Answer: No"" — no other text.

A: no_evident_not_homely_atmosphere
B: stunning_hotel
Answer:
","A: no_evident_not_homely_atmosphere
B: stunning_hotel
Answer: Yes"
2026-08-16 22:12:02,1,1030,no_evident_not_nice_hotel,close_car_park,"Task: decide if Proposition B contradicts Assumption A.

Steps:
1. A defends a claim (strip ""no_evident_not_"" / ""have_evident_"" to see it).
2. B states a fact.
3. Does B disprove A's claim? Same specific issue only, not just same topic.

Output pattern (always use this exact shape):
A: <phrase>
B: <phrase>
Answer: Yes/No

Examples:

A: no_evident_not_easy_check-in
B: customer_wait_10_minute_for_greet
Answer: Yes

A: no_evident_not_easy_check-in
B: no_one_give_key_on_late_check-in
Answer: No

A: no_evident_not_great_quality
B: shampoo_seem_cheap_considering_hotel_cost
Answer: Yes

A: no_evident_not_great_quality
B: expensive_hotel
Answer: No

Now answer for this pair. Output ONLY the final line ""Answer: Yes"" or ""Answer: No"" — no other text.

A: no_evident_not_nice_hotel
B: close_car_park
Answer:
","A: no_evident_not_nice_hotel
B: close_car_park
Answer: No"
2026-08-16 22:12:03,1,28169,no_evident_not_welcoming_environment,simple_decoration,"Task: decide if Proposition B contradicts Assumption A.

Steps:
1. A defends a claim (strip ""no_evident_not_"" / ""have_evident_"" to see it).
2. B states a fact.
3. Does B disprove A's claim? Same specific issue only, not just same topic.

Output pattern (always use this exact shape):
A: <phrase>
B: <phrase>
Answer: Yes/No

Examples:

A: no_evident_not_easy_check-in
B: customer_wait_10_minute_for_greet
Answer: Yes

A: no_evident_not_easy_check-in
B: no_one_give_key_on_late_check-in
Answer: No

A: no_evident_not_great_quality
B: shampoo_seem_cheap_considering_hotel_cost
Answer: Yes

A: no_evident_not_great_quality
B: expensive_hotel
Answer: No

Now answer for this pair. Output ONLY the final line ""Answer: Yes"" or ""Answer: No"" — no other text.

A: no_evident_not_welcoming_environment
B: simple_decoration
Answer:
","A: no_evident_not_welcoming_environment
B: simple_decoration
Answer: No"
2026-08-16 22:12:03,1,10828,no_evident_not_everything_modern,beautiful_inside,"Task: decide if Proposition B contradicts Assumption A.

Steps:
1. A defends a claim (strip ""no_evident_not_"" / ""have_evident_"" to see it).
2. B states a fact.
3. Does B disprove A's claim? Same specific issue only, not just same topic.

Output pattern (always use this exact shape):
A: <phrase>
B: <phrase>
Answer: Yes/No

Examples:

A: no_evident_not_easy_check-in
B: customer_wait_10_minute_for_greet
Answer: Yes

A: no_evident_not_easy_check-in
B: no_one_give_key_on_late_check-in
Answer: No

A: no_evident_not_great_quality
B: shampoo_seem_cheap_considering_hotel_cost
Answer: Yes

A: no_evident_not_great_quality
B: expensive_hotel
Answer: No

Now answer for this pair. Output ONLY the final line ""Answer: Yes"" or ""Answer: No"" — no other text.

A: no_evident_not_everything_modern
B: beautiful_inside
Answer:
","A: no_evident_not_everything_modern
B: beautiful_inside
Answer: No"
2026-08-16 22:12:03,1,2322,no_evident_not_clean_hotel,clean_hall,"Task: decide if Proposition B contradicts Assumption A.

Steps:
1. A defends a claim (strip ""no_evident_not_"" / ""have_evident_"" to see it).
2. B states a fact.
3. Does B disprove A's claim? Same specific issue only, not just same topic.

Output pattern (always use this exact shape):
A: <phrase>
B: <phrase>
Answer: Yes/No

Examples:

A: no_evident_not_easy_check-in
B: customer_wait_10_minute_for_greet
Answer: Yes

A: no_evident_not_easy_check-in
B: no_one_give_key_on_late_check-in
Answer: No

A: no_evident_not_great_quality
B: shampoo_seem_cheap_considering_hotel_cost
Answer: Yes

A: no_evident_not_great_quality
B: expensive_hotel
Answer: No

Now answer for this pair. Output ONLY the final line ""Answer: Yes"" or ""Answer: No"" — no other text.

A: no_evident_not_clean_hotel
B: clean_hall
Answer:
","A: no_evident_not_clean_hotel
B: clean_hall
Answer: No"
2026-08-16 22:12:03,1,16848,no_evident_not_convenient_for_short_stay,recently_renovated_hotel,"Task: decide if Proposition B contradicts Assumption A.

Steps:
1. A defends a claim (strip ""no_evident_not_"" / ""have_evident_"" to see it).
2. B states a fact.
3. Does B disprove A's claim? Same specific issue only, not just same topic.

Output pattern (always use this exact shape):
A: <phrase>
B: <phrase>
Answer: Yes/No

Examples:

A: no_evident_not_easy_check-in
B: customer_wait_10_minute_for_greet
Answer: Yes

A: no_evident_not_easy_check-in
B: no_one_give_key_on_late_check-in
Answer: No

A: no_evident_not_great_quality
B: shampoo_seem_cheap_considering_hotel_cost
Answer: Yes

A: no_evident_not_great_quality
B: expensive_hotel
Answer: No

Now answer for this pair. Output ONLY the final line ""Answer: Yes"" or ""Answer: No"" — no other text.

A: no_evident_not_convenient_for_short_stay
B: recently_renovated_hotel
Answer:
","A: no_evident_not_convenient_for_short_stay
B: recently_renovated_hotel
Answer: No"
2026-08-16 22:12:04,1,7799,no_evident_not_new_facility,basic_hotel,"Task: decide if Proposition B contradicts Assumption A.

Steps:
1. A defends a claim (strip ""no_evident_not_"" / ""have_evident_"" to see it).
2. B states a fact.
3. Does B disprove A's claim? Same specific issue only, not just same topic.

Output pattern (always use this exact shape):
A: <phrase>
B: <phrase>
Answer: Yes/No

Examples:

A: no_evident_not_easy_check-in
B: customer_wait_10_minute_for_greet
Answer: Yes

A: no_evident_not_easy_check-in
B: no_one_give_key_on_late_check-in
Answer: No

A: no_evident_not_great_quality
B: shampoo_seem_cheap_considering_hotel_cost
Answer: Yes

A: no_evident_not_great_quality
B: expensive_hotel
Answer: No

Now answer for this pair. Output ONLY the final line ""Answer: Yes"" or ""Answer: No"" — no other text.

A: no_evident_not_new_facility
B: basic_hotel
Answer:
","A: no_evident_not_new_facility
B: basic_hotel
Answer: Yes"
2026-08-16 22:12:04,1,9126,no_evident_not_small_hotel_which_we_like,pleasant_hotel,"Task: decide if Proposition B contradicts Assumption A.

Steps:
1. A defends a claim (strip ""no_evident_not_"" / ""have_evident_"" to see it).
2. B states a fact.
3. Does B disprove A's claim? Same specific issue only, not just same topic.

Output pattern (always use this exact shape):
A: <phrase>
B: <phrase>
Answer: Yes/No

Examples:

A: no_evident_not_easy_check-in
B: customer_wait_10_minute_for_greet
Answer: Yes

A: no_evident_not_easy_check-in
B: no_one_give_key_on_late_check-in
Answer: No

A: no_evident_not_great_quality
B: shampoo_seem_cheap_considering_hotel_cost
Answer: Yes

A: no_evident_not_great_quality
B: expensive_hotel
Answer: No

Now answer for this pair. Output ONLY the final line ""Answer: Yes"" or ""Answer: No"" — no other text.

A: no_evident_not_small_hotel_which_we_like
B: pleasant_hotel
Answer:
","A: no_evident_not_small_hotel_which_we_like
B: pleasant_hotel
Answer: No"
2026-08-16 22:12:05,1,21922,no_evident_not_take_COVID_prevention_measure,recently_freshed_up,"Task: decide if Proposition B contradicts Assumption A.

Steps:
1. A defends a claim (strip ""no_evident_not_"" / ""have_evident_"" to see it).
2. B states a fact.
3. Does B disprove A's claim? Same specific issue only, not just same topic.

Output pattern (always use this exact shape):
A: <phrase>
B: <phrase>
Answer: Yes/No

Examples:

A: no_evident_not_easy_check-in
B: customer_wait_10_minute_for_greet
Answer: Yes

A: no_evident_not_easy_check-in
B: no_one_give_key_on_late_check-in
Answer: No

A: no_evident_not_great_quality
B: shampoo_seem_cheap_considering_hotel_cost
Answer: Yes

A: no_evident_not_great_quality
B: expensive_hotel
Answer: No

Now answer for this pair. Output ONLY the final line ""Answer: Yes"" or ""Answer: No"" — no other text.

A: no_evident_not_take_COVID_prevention_measure
B: recently_freshed_up
Answer:
","A: no_evident_not_take_COVID_prevention_measure
B: recently_freshed_up
Answer: No"
2026-08-16 22:12:05,1,15907,no_evident_not_simple_decoration,everything_great,"Task: decide if Proposition B contradicts Assumption A.

Steps:
1. A defends a claim (strip ""no_evident_not_"" / ""have_evident_"" to see it).
2. B states a fact.
3. Does B disprove A's claim? Same specific issue only, not just same topic.

Output pattern (always use this exact shape):
A: <phrase>
B: <phrase>
Answer: Yes/No

Examples:

A: no_evident_not_easy_check-in
B: customer_wait_10_minute_for_greet
Answer: Yes

A: no_evident_not_easy_check-in
B: no_one_give_key_on_late_check-in
Answer: No

A: no_evident_not_great_quality
B: shampoo_seem_cheap_considering_hotel_cost
Answer: Yes

A: no_evident_not_great_quality
B: expensive_hotel
Answer: No

Now answer for this pair. Output ONLY the final line ""Answer: Yes"" or ""Answer: No"" — no other text.

A: no_evident_not_simple_decoration
B: everything_great
Answer:
","A: no_evident_not_simple_decoration
B: everything_great
Answer: No"
2026-08-16 22:12:05,1,7021,no_evident_not_great_hotel,new_hotel,"Task: decide if Proposition B contradicts Assumption A.

Steps:
1. A defends a claim (strip ""no_evident_not_"" / ""have_evident_"" to see it).
2. B states a fact.
3. Does B disprove A's claim? Same specific issue only, not just same topic.

Output pattern (always use this exact shape):
A: <phrase>
B: <phrase>
Answer: Yes/No

Examples:

A: no_evident_not_easy_check-in
B: customer_wait_10_minute_for_greet
Answer: Yes

A: no_evident_not_easy_check-in
B: no_one_give_key_on_late_check-in
Answer: No

A: no_evident_not_great_quality
B: shampoo_seem_cheap_considering_hotel_cost
Answer: Yes

A: no_evident_not_great_quality
B: expensive_hotel
Answer: No

Now answer for this pair. Output ONLY the final line ""Answer: Yes"" or ""Answer: No"" — no other text.

A: no_evident_not_great_hotel
B: new_hotel
Answer:
",Answer: No
2026-08-16 22:12:05,1,17670,no_evident_not_5_star_hotel,everything_new,"Task: decide if Proposition B contradicts Assumption A.

Steps:
1. A defends a claim (strip ""no_evident_not_"" / ""have_evident_"" to see it).
2. B states a fact.
3. Does B disprove A's claim? Same specific issue only, not just same topic.

Output pattern (always use this exact shape):
A: <phrase>
B: <phrase>
Answer: Yes/No

Examples:

A: no_evident_not_easy_check-in
B: customer_wait_10_minute_for_greet
Answer: Yes

A: no_evident_not_easy_check-in
B: no_one_give_key_on_late_check-in
Answer: No

A: no_evident_not_great_quality
B: shampoo_seem_cheap_considering_hotel_cost
Answer: Yes

A: no_evident_not_great_quality
B: expensive_hotel
Answer: No

Now answer for this pair. Output ONLY the final line ""Answer: Yes"" or ""Answer: No"" — no other text.

A: no_evident_not_5_star_hotel
B: everything_new
Answer:
","A: no_evident_not_5_star_hotel
B: everything_new
Answer: No"
2026-08-16 22:12:05,1,4336,no_evident_not_simple_hotel,everything_spotless_clean,"Task: decide if Proposition B contradicts Assumption A.

Steps:
1. A defends a claim (strip ""no_evident_not_"" / ""have_evident_"" to see it).
2. B states a fact.
3. Does B disprove A's claim? Same specific issue only, not just same topic.

Output pattern (always use this exact shape):
A: <phrase>
B: <phrase>
Answer: Yes/No

Examples:

A: no_evident_not_easy_check-in
B: customer_wait_10_minute_for_greet
Answer: Yes

A: no_evident_not_easy_check-in
B: no_one_give_key_on_late_check-in
Answer: No

A: no_evident_not_great_quality
B: shampoo_seem_cheap_considering_hotel_cost
Answer: Yes

A: no_evident_not_great_quality
B: expensive_hotel
Answer: No

Now answer for this pair. Output ONLY the final line ""Answer: Yes"" or ""Answer: No"" — no other text.

A: no_evident_not_simple_hotel
B: everything_spotless_clean
Answer:
","A: no_evident_not_simple_hotel
B: everything_spotless_clean
Answer: No"
2026-08-16 22:12:06,1,23703,no_evident_not_nice_facility,feel_like_home_hotel,"Task: decide if Proposition B contradicts Assumption A.

Steps:
1. A defends a claim (strip ""no_evident_not_"" / ""have_evident_"" to see it).
2. B states a fact.
3. Does B disprove A's claim? Same specific issue only, not just same topic.

Output pattern (always use this exact shape):
A: <phrase>
B: <phrase>
Answer: Yes/No

Examples:

A: no_evident_not_easy_check-in
B: customer_wait_10_minute_for_greet
Answer: Yes

A: no_evident_not_easy_check-in
B: no_one_give_key_on_late_check-in
Answer: No

A: no_evident_not_great_quality
B: shampoo_seem_cheap_considering_hotel_cost
Answer: Yes

A: no_evident_not_great_quality
B: expensive_hotel
Answer: No

Now answer for this pair. Output ONLY the final line ""Answer: Yes"" or ""Answer: No"" — no other text.

A: no_evident_not_nice_facility
B: feel_like_home_hotel
Answer:
","A: no_evident_not_nice_facility
B: feel_like_home_hotel
Answer: Yes"
2026-08-16 22:12:06,1,30655,no_evident_not_stylish_hotel,brand_new_hotel,"Task: decide if Proposition B contradicts Assumption A.

Steps:
1. A defends a claim (strip ""no_evident_not_"" / ""have_evident_"" to see it).
2. B states a fact.
3. Does B disprove A's claim? Same specific issue only, not just same topic.

Output pattern (always use this exact shape):
A: <phrase>
B: <phrase>
Answer: Yes/No

Examples:

A: no_evident_not_easy_check-in
B: customer_wait_10_minute_for_greet
Answer: Yes

A: no_evident_not_easy_check-in
B: no_one_give_key_on_late_check-in
Answer: No

A: no_evident_not_great_quality
B: shampoo_seem_cheap_considering_hotel_cost
Answer: Yes

A: no_evident_not_great_quality
B: expensive_hotel
Answer: No

Now answer for this pair. Output ONLY the final line ""Answer: Yes"" or ""Answer: No"" — no other text.

A: no_evident_not_stylish_hotel
B: brand_new_hotel
Answer:
","A: no_evident_not_stylish_hotel
B: brand_new_hotel
Answer: No"
2026-08-16 22:12:07,1,28914,no_evident_not_comfortable_street_terrace,front_to_unwind_evening,"Task: decide if Proposition B contradicts Assumption A.

Steps:
1. A defends a claim (strip ""no_evident_not_"" / ""have_evident_"" to see it).
2. B states a fact.
3. Does B disprove A's claim? Same specific issue only, not just same topic.

Output pattern (always use this exact shape):
A: <phrase>
B: <phrase>
Answer: Yes/No

Examples:

A: no_evident_not_easy_check-in
B: customer_wait_10_minute_for_greet
Answer: Yes

A: no_evident_not_easy_check-in
B: no_one_give_key_on_late_check-in
Answer: No

A: no_evident_not_great_quality
B: shampoo_seem_cheap_considering_hotel_cost
Answer: Yes

A: no_evident_not_great_quality
B: expensive_hotel
Answer: No

Now answer for this pair. Output ONLY the final line ""Answer: Yes"" or ""Answer: No"" — no other text.

A: no_evident_not_comfortable_street_terrace
B: front_to_unwind_evening
Answer:
","A: no_evident_not_comfortable_street_terrace
B: front_to_unwind_evening
Answer: No"
2026-08-16 22:12:07,1,18712,no_evident_not_clean_facility,surprise_with_swimming_pool,"Task: decide if Proposition B contradicts Assumption A.

Steps:
1. A defends a claim (strip ""no_evident_not_"" / ""have_evident_"" to see it).
2. B states a fact.
3. Does B disprove A's claim? Same specific issue only, not just same topic.

Output pattern (always use this exact shape):
A: <phrase>
B: <phrase>
Answer: Yes/No

Examples:

A: no_evident_not_easy_check-in
B: customer_wait_10_minute_for_greet
Answer: Yes

A: no_evident_not_easy_check-in
B: no_one_give_key_on_late_check-in
Answer: No

A: no_evident_not_great_quality
B: shampoo_seem_cheap_considering_hotel_cost
Answer: Yes

A: no_evident_not_great_quality
B: expensive_hotel
Answer: No

Now answer for this pair. Output ONLY the final line ""Answer: Yes"" or ""Answer: No"" — no other text.

A: no_evident_not_clean_facility
B: surprise_with_swimming_pool
Answer:
","A: no_evident_not_clean_facility
B: surprise_with_swimming_pool
Answer: No"
2026-08-16 22:12:07,1,18882,no_evident_not_brand_new_fitting,clean_hall,"Task: decide if Proposition B contradicts Assumption A.

Steps:
1. A defends a claim (strip ""no_evident_not_"" / ""have_evident_"" to see it).
2. B states a fact.
3. Does B disprove A's claim? Same specific issue only, not just same topic.

Output pattern (always use this exact shape):
A: <phrase>
B: <phrase>
Answer: Yes/No

Examples:

A: no_evident_not_easy_check-in
B: customer_wait_10_minute_for_greet
Answer: Yes

A: no_evident_not_easy_check-in
B: no_one_give_key_on_late_check-in
Answer: No

A: no_evident_not_great_quality
B: shampoo_seem_cheap_considering_hotel_cost
Answer: Yes

A: no_evident_not_great_quality
B: expensive_hotel
Answer: No

Now answer for this pair. Output ONLY the final line ""Answer: Yes"" or ""Answer: No"" — no other text.

A: no_evident_not_brand_new_fitting
B: clean_hall
Answer:
","A: no_evident_not_brand_new_fitting
B: clean_hall
Answer: No"
2026-08-16 22:12:08,1,15489,no_evident_not_excellent_inside,up_to_4*_standard,"Task: decide if Proposition B contradicts Assumption A.

Steps:
1. A defends a claim (strip ""no_evident_not_"" / ""have_evident_"" to see it).
2. B states a fact.
3. Does B disprove A's claim? Same specific issue only, not just same topic.

Output pattern (always use this exact shape):
A: <phrase>
B: <phrase>
Answer: Yes/No

Examples:

A: no_evident_not_easy_check-in
B: customer_wait_10_minute_for_greet
Answer: Yes

A: no_evident_not_easy_check-in
B: no_one_give_key_on_late_check-in
Answer: No

A: no_evident_not_great_quality
B: shampoo_seem_cheap_considering_hotel_cost
Answer: Yes

A: no_evident_not_great_quality
B: expensive_hotel
Answer: No

Now answer for this pair. Output ONLY the final line ""Answer: Yes"" or ""Answer: No"" — no other text.

A: no_evident_not_excellent_inside
B: up_to_4*_standard
Answer:
","A: no_evident_not_excellent_inside
B: up_to_4*_standard
Answer: Yes"
2026-08-16 22:12:08,1,7963,no_evident_not_offered_food,beautiful_hotel,"Task: decide if Proposition B contradicts Assumption A.

Steps:
1. A defends a claim (strip ""no_evident_not_"" / ""have_evident_"" to see it).
2. B states a fact.
3. Does B disprove A's claim? Same specific issue only, not just same topic.

Output pattern (always use this exact shape):
A: <phrase>
B: <phrase>
Answer: Yes/No

Examples:

A: no_evident_not_easy_check-in
B: customer_wait_10_minute_for_greet
Answer: Yes

A: no_evident_not_easy_check-in
B: no_one_give_key_on_late_check-in
Answer: No

A: no_evident_not_great_quality
B: shampoo_seem_cheap_considering_hotel_cost
Answer: Yes

A: no_evident_not_great_quality
B: expensive_hotel
Answer: No

Now answer for this pair. Output ONLY the final line ""Answer: Yes"" or ""Answer: No"" — no other text.

A: no_evident_not_offered_food
B: beautiful_hotel
Answer:
",Answer: No
2026-08-16 22:12:08,1,25711,no_evident_not_newly_refurbished_hotel,innovative_hotel,"Task: decide if Proposition B contradicts Assumption A.

Steps:
1. A defends a claim (strip ""no_evident_not_"" / ""have_evident_"" to see it).
2. B states a fact.
3. Does B disprove A's claim? Same specific issue only, not just same topic.

Output pattern (always use this exact shape):
A: <phrase>
B: <phrase>
Answer: Yes/No

Examples:

A: no_evident_not_easy_check-in
B: customer_wait_10_minute_for_greet
Answer: Yes

A: no_evident_not_easy_check-in
B: no_one_give_key_on_late_check-in
Answer: No

A: no_evident_not_great_quality
B: shampoo_seem_cheap_considering_hotel_cost
Answer: Yes

A: no_evident_not_great_quality
B: expensive_hotel
Answer: No

Now answer for this pair. Output ONLY the final line ""Answer: Yes"" or ""Answer: No"" — no other text.

A: no_evident_not_newly_refurbished_hotel
B: innovative_hotel
Answer:
","A: no_evident_not_newly_refurbished_hotel
B: innovative_hotel
Answer: Yes"
2026-08-16 22:12:08,1,15499,no_evident_not_excellent_inside,lovely_little_hotel,"Task: decide if Proposition B contradicts Assumption A.

Steps:
1. A defends a claim (strip ""no_evident_not_"" / ""have_evident_"" to see it).
2. B states a fact.
3. Does B disprove A's claim? Same specific issue only, not just same topic.

Output pattern (always use this exact shape):
A: <phrase>
B: <phrase>
Answer: Yes/No

Examples:

A: no_evident_not_easy_check-in
B: customer_wait_10_minute_for_greet
Answer: Yes

A: no_evident_not_easy_check-in
B: no_one_give_key_on_late_check-in
Answer: No

A: no_evident_not_great_quality
B: shampoo_seem_cheap_considering_hotel_cost
Answer: Yes

A: no_evident_not_great_quality
B: expensive_hotel
Answer: No

Now answer for this pair. Output ONLY the final line ""Answer: Yes"" or ""Answer: No"" — no other text.

A: no_evident_not_excellent_inside
B: lovely_little_hotel
Answer:
","A: no_evident_not_excellent_inside
B: lovely_little_hotel
Answer: No"
2026-08-16 22:12:09,1,26461,no_evident_not_neat_hotel,new_hotel,"Task: decide if Proposition B contradicts Assumption A.

Steps:
1. A defends a claim (strip ""no_evident_not_"" / ""have_evident_"" to see it).
2. B states a fact.
3. Does B disprove A's claim? Same specific issue only, not just same topic.

Output pattern (always use this exact shape):
A: <phrase>
B: <phrase>
Answer: Yes/No

Examples:

A: no_evident_not_easy_check-in
B: customer_wait_10_minute_for_greet
Answer: Yes

A: no_evident_not_easy_check-in
B: no_one_give_key_on_late_check-in
Answer: No

A: no_evident_not_great_quality
B: shampoo_seem_cheap_considering_hotel_cost
Answer: Yes

A: no_evident_not_great_quality
B: expensive_hotel
Answer: No

Now answer for this pair. Output ONLY the final line ""Answer: Yes"" or ""Answer: No"" — no other text.

A: no_evident_not_neat_hotel
B: new_hotel
Answer:
","A: no_evident_not_neat_hotel
B: new_hotel
Answer: No"
2026-08-16 22:12:09,1,13339,no_evident_not_no_extra_charge_for_dog,lovely_little_hotel,"Task: decide if Proposition B contradicts Assumption A.

Steps:
1. A defends a claim (strip ""no_evident_not_"" / ""have_evident_"" to see it).
2. B states a fact.
3. Does B disprove A's claim? Same specific issue only, not just same topic.

Output pattern (always use this exact shape):
A: <phrase>
B: <phrase>
Answer: Yes/No

Examples:

A: no_evident_not_easy_check-in
B: customer_wait_10_minute_for_greet
Answer: Yes

A: no_evident_not_easy_check-in
B: no_one_give_key_on_late_check-in
Answer: No

A: no_evident_not_great_quality
B: shampoo_seem_cheap_considering_hotel_cost
Answer: Yes

A: no_evident_not_great_quality
B: expensive_hotel
Answer: No

Now answer for this pair. Output ONLY the final line ""Answer: Yes"" or ""Answer: No"" — no other text.

A: no_evident_not_no_extra_charge_for_dog
B: lovely_little_hotel
Answer:
","A: no_evident_not_no_extra_charge_for_dog
B: no_one_give_key_on_late_check-in
Answer: No"
2026-08-16 22:12:09,1,6240,no_evident_not_fantastic_service,light_hotel,"Task: decide if Proposition B contradicts Assumption A.

Steps:
1. A defends a claim (strip ""no_evident_not_"" / ""have_evident_"" to see it).
2. B states a fact.
3. Does B disprove A's claim? Same specific issue only, not just same topic.

Output pattern (always use this exact shape):
A: <phrase>
B: <phrase>
Answer: Yes/No

Examples:

A: no_evident_not_easy_check-in
B: customer_wait_10_minute_for_greet
Answer: Yes

A: no_evident_not_easy_check-in
B: no_one_give_key_on_late_check-in
Answer: No

A: no_evident_not_great_quality
B: shampoo_seem_cheap_considering_hotel_cost
Answer: Yes

A: no_evident_not_great_quality
B: expensive_hotel
Answer: No

Now answer for this pair. Output ONLY the final line ""Answer: Yes"" or ""Answer: No"" — no other text.

A: no_evident_not_fantastic_service
B: light_hotel
Answer:
","A: no_evident_not_fantastic_service
B: light_hotel
Answer: Yes"
2026-08-16 22:12:10,1,3091,no_evident_not_has_plenty_of_chair,everything_beautiful,"Task: decide if Proposition B contradicts Assumption A.

Steps:
1. A defends a claim (strip ""no_evident_not_"" / ""have_evident_"" to see it).
2. B states a fact.
3. Does B disprove A's claim? Same specific issue only, not just same topic.

Output pattern (always use this exact shape):
A: <phrase>
B: <phrase>
Answer: Yes/No

Examples:

A: no_evident_not_easy_check-in
B: customer_wait_10_minute_for_greet
Answer: Yes

A: no_evident_not_easy_check-in
B: no_one_give_key_on_late_check-in
Answer: No

A: no_evident_not_great_quality
B: shampoo_seem_cheap_considering_hotel_cost
Answer: Yes

A: no_evident_not_great_quality
B: expensive_hotel
Answer: No

Now answer for this pair. Output ONLY the final line ""Answer: Yes"" or ""Answer: No"" — no other text.

A: no_evident_not_has_plenty_of_chair
B: everything_beautiful
Answer:
","A: no_evident_not_has_plenty_of_chair
B: everything_beautiful
Answer: No"
2026-08-16 22:12:10,1,3177,no_evident_not_has_plenty_of_chair,spotless_hotel,"Task: decide if Proposition B contradicts Assumption A.

Steps:
1. A defends a claim (strip ""no_evident_not_"" / ""have_evident_"" to see it).
2. B states a fact.
3. Does B disprove A's claim? Same specific issue only, not just same topic.

Output pattern (always use this exact shape):
A: <phrase>
B: <phrase>
Answer: Yes/No

Examples:

A: no_evident_not_easy_check-in
B: customer_wait_10_minute_for_greet
Answer: Yes

A: no_evident_not_easy_check-in
B: no_one_give_key_on_late_check-in
Answer: No

A: no_evident_not_great_quality
B: shampoo_seem_cheap_considering_hotel_cost
Answer: Yes

A: no_evident_not_great_quality
B: expensive_hotel
Answer: No

Now answer for this pair. Output ONLY the final line ""Answer: Yes"" or ""Answer: No"" — no other text.

A: no_evident_not_has_plenty_of_chair
B: spotless_hotel
Answer:
","A: no_evident_not_has_plenty_of_chair
B: spotless_hotel
Answer: No"
2026-08-16 22:12:10,1,21594,no_evident_not_light_hotel,completely_redone_hotel,"Task: decide if Proposition B contradicts Assumption A.

Steps:
1. A defends a claim (strip ""no_evident_not_"" / ""have_evident_"" to see it).
2. B states a fact.
3. Does B disprove A's claim? Same specific issue only, not just same topic.

Output pattern (always use this exact shape):
A: <phrase>
B: <phrase>
Answer: Yes/No

Examples:

A: no_evident_not_easy_check-in
B: customer_wait_10_minute_for_greet
Answer: Yes

A: no_evident_not_easy_check-in
B: no_one_give_key_on_late_check-in
Answer: No

A: no_evident_not_great_quality
B: shampoo_seem_cheap_considering_hotel_cost
Answer: Yes

A: no_evident_not_great_quality
B: expensive_hotel
Answer: No

Now answer for this pair. Output ONLY the final line ""Answer: Yes"" or ""Answer: No"" — no other text.

A: no_evident_not_light_hotel
B: completely_redone_hotel
Answer:
","A: no_evident_not_light_hotel
B: completely_redone_hotel
Answer: Yes"
2026-08-16 22:12:11,1,14125,no_evident_not_nice_small_hotel,comfortable_atmosphere,"Task: decide if Proposition B contradicts Assumption A.

Steps:
1. A defends a claim (strip ""no_evident_not_"" / ""have_evident_"" to see it).
2. B states a fact.
3. Does B disprove A's claim? Same specific issue only, not just same topic.

Output pattern (always use this exact shape):
A: <phrase>
B: <phrase>
Answer: Yes/No

Examples:

A: no_evident_not_easy_check-in
B: customer_wait_10_minute_for_greet
Answer: Yes

A: no_evident_not_easy_check-in
B: no_one_give_key_on_late_check-in
Answer: No

A: no_evident_not_great_quality
B: shampoo_seem_cheap_considering_hotel_cost
Answer: Yes

A: no_evident_not_great_quality
B: expensive_hotel
Answer: No

Now answer for this pair. Output ONLY the final line ""Answer: Yes"" or ""Answer: No"" — no other text.

A: no_evident_not_nice_small_hotel
B: comfortable_atmosphere
Answer:
","A: no_evident_not_nice_small_hotel
B: comfortable_atmosphere
Answer: No"
2026-08-16 22:12:11,1,11610,no_evident_not_nice_boutique_hotel,clear_decoration,"Task: decide if Proposition B contradicts Assumption A.

Steps:
1. A defends a claim (strip ""no_evident_not_"" / ""have_evident_"" to see it).
2. B states a fact.
3. Does B disprove A's claim? Same specific issue only, not just same topic.

Output pattern (always use this exact shape):
A: <phrase>
B: <phrase>
Answer: Yes/No

Examples:

A: no_evident_not_easy_check-in
B: customer_wait_10_minute_for_greet
Answer: Yes

A: no_evident_not_easy_check-in
B: no_one_give_key_on_late_check-in
Answer: No

A: no_evident_not_great_quality
B: shampoo_seem_cheap_considering_hotel_cost
Answer: Yes

A: no_evident_not_great_quality
B: expensive_hotel
Answer: No

Now answer for this pair. Output ONLY the final line ""Answer: Yes"" or ""Answer: No"" — no other text.

A: no_evident_not_nice_boutique_hotel
B: clear_decoration
Answer:
",Answer: No
2026-08-16 22:12:11,1,13880,no_evident_not_lovely_family_hotel,modern_facility,"Task: decide if Proposition B contradicts Assumption A.

Steps:
1. A defends a claim (strip ""no_evident_not_"" / ""have_evident_"" to see it).
2. B states a fact.
3. Does B disprove A's claim? Same specific issue only, not just same topic.

Output pattern (always use this exact shape):
A: <phrase>
B: <phrase>
Answer: Yes/No

Examples:

A: no_evident_not_easy_check-in
B: customer_wait_10_minute_for_greet
Answer: Yes

A: no_evident_not_easy_check-in
B: no_one_give_key_on_late_check-in
Answer: No

A: no_evident_not_great_quality
B: shampoo_seem_cheap_considering_hotel_cost
Answer: Yes

A: no_evident_not_great_quality
B: expensive_hotel
Answer: No

Now answer for this pair. Output ONLY the final line ""Answer: Yes"" or ""Answer: No"" — no other text.

A: no_evident_not_lovely_family_hotel
B: modern_facility
Answer:
","A: no_evident_not_lovely_family_hotel
B: modern_facility
Answer: No"
2026-08-16 22:12:11,1,13471,no_evident_not_no_extra_charge_for_dog,innovative_hotel,"Task: decide if Proposition B contradicts Assumption A.

Steps:
1. A defends a claim (strip ""no_evident_not_"" / ""have_evident_"" to see it).
2. B states a fact.
3. Does B disprove A's claim? Same specific issue only, not just same topic.

Output pattern (always use this exact shape):
A: <phrase>
B: <phrase>
Answer: Yes/No

Examples:

A: no_evident_not_easy_check-in
B: customer_wait_10_minute_for_greet
Answer: Yes

A: no_evident_not_easy_check-in
B: no_one_give_key_on_late_check-in
Answer: No

A: no_evident_not_great_quality
B: shampoo_seem_cheap_considering_hotel_cost
Answer: Yes

A: no_evident_not_great_quality
B: expensive_hotel
Answer: No

Now answer for this pair. Output ONLY the final line ""Answer: Yes"" or ""Answer: No"" — no other text.

A: no_evident_not_no_extra_charge_for_dog
B: innovative_hotel
Answer:
","A: no_evident_not_no_extra_charge_for_dog
B: some_hotel_charge_dog
Answer: Yes"
2026-08-16 22:12:11,1,15304,no_evident_not_family_run_hotel,cozy_hotel,"Task: decide if Proposition B contradicts Assumption A.

Steps:
1. A defends a claim (strip ""no_evident_not_"" / ""have_evident_"" to see it).
2. B states a fact.
3. Does B disprove A's claim? Same specific issue only, not just same topic.

Output pattern (always use this exact shape):
A: <phrase>
B: <phrase>
Answer: Yes/No

Examples:

A: no_evident_not_easy_check-in
B: customer_wait_10_minute_for_greet
Answer: Yes

A: no_evident_not_easy_check-in
B: no_one_give_key_on_late_check-in
Answer: No

A: no_evident_not_great_quality
B: shampoo_seem_cheap_considering_hotel_cost
Answer: Yes

A: no_evident_not_great_quality
B: expensive_hotel
Answer: No

Now answer for this pair. Output ONLY the final line ""Answer: Yes"" or ""Answer: No"" — no other text.

A: no_evident_not_family_run_hotel
B: cozy_hotel
Answer:
",Answer: No
2026-08-16 22:12:12,1,28307,no_evident_not_has_place_to_park_car,no_complaint_about_hotel,"Task: decide if Proposition B contradicts Assumption A.

Steps:
1. A defends a claim (strip ""no_evident_not_"" / ""have_evident_"" to see it).
2. B states a fact.
3. Does B disprove A's claim? Same specific issue only, not just same topic.

Output pattern (always use this exact shape):
A: <phrase>
B: <phrase>
Answer: Yes/No

Examples:

A: no_evident_not_easy_check-in
B: customer_wait_10_minute_for_greet
Answer: Yes

A: no_evident_not_easy_check-in
B: no_one_give_key_on_late_check-in
Answer: No

A: no_evident_not_great_quality
B: shampoo_seem_cheap_considering_hotel_cost
Answer: Yes

A: no_evident_not_great_quality
B: expensive_hotel
Answer: No

Now answer for this pair. Output ONLY the final line ""Answer: Yes"" or ""Answer: No"" — no other text.

A: no_evident_not_has_place_to_park_car
B: no_complaint_about_hotel
Answer:
","A: no_evident_not_has_place_to_park_car
B: no_complaint_about_hotel
Answer: No"
2026-08-16 22:12:12,1,23891,no_evident_not_new_reception,furnished_hotel,"Task: decide if Proposition B contradicts Assumption A.

Steps:
1. A defends a claim (strip ""no_evident_not_"" / ""have_evident_"" to see it).
2. B states a fact.
3. Does B disprove A's claim? Same specific issue only, not just same topic.

Output pattern (always use this exact shape):
A: <phrase>
B: <phrase>
Answer: Yes/No

Examples:

A: no_evident_not_easy_check-in
B: customer_wait_10_minute_for_greet
Answer: Yes

A: no_evident_not_easy_check-in
B: no_one_give_key_on_late_check-in
Answer: No

A: no_evident_not_great_quality
B: shampoo_seem_cheap_considering_hotel_cost
Answer: Yes

A: no_evident_not_great_quality
B: expensive_hotel
Answer: No

Now answer for this pair. Output ONLY the final line ""Answer: Yes"" or ""Answer: No"" — no other text.

A: no_evident_not_new_reception
B: furnished_hotel
Answer:
","A: no_evident_not_new_reception
B: furnished_hotel
Answer: Yes"
2026-08-16 22:12:12,1,1776,no_evident_not_welcoming_entrance,family_hotel,"Task: decide if Proposition B contradicts Assumption A.

Steps:
1. A defends a claim (strip ""no_evident_not_"" / ""have_evident_"" to see it).
2. B states a fact.
3. Does B disprove A's claim? Same specific issue only, not just same topic.

Output pattern (always use this exact shape):
A: <phrase>
B: <phrase>
Answer: Yes/No

Examples:

A: no_evident_not_easy_check-in
B: customer_wait_10_minute_for_greet
Answer: Yes

A: no_evident_not_easy_check-in
B: no_one_give_key_on_late_check-in
Answer: No

A: no_evident_not_great_quality
B: shampoo_seem_cheap_considering_hotel_cost
Answer: Yes

A: no_evident_not_great_quality
B: expensive_hotel
Answer: No

Now answer for this pair. Output ONLY the final line ""Answer: Yes"" or ""Answer: No"" — no other text.

A: no_evident_not_welcoming_entrance
B: family_hotel
Answer:
","A: no_evident_not_welcoming_entrance
B: family_hotel
Answer: No"
2026-08-16 22:12:13,1,22065,no_evident_not_feel_like_home_hotel,brand_new_fitting,"Task: decide if Proposition B contradicts Assumption A.

Steps:
1. A defends a claim (strip ""no_evident_not_"" / ""have_evident_"" to see it).
2. B states a fact.
3. Does B disprove A's claim? Same specific issue only, not just same topic.

Output pattern (always use this exact shape):
A: <phrase>
B: <phrase>
Answer: Yes/No

Examples:

A: no_evident_not_easy_check-in
B: customer_wait_10_minute_for_greet
Answer: Yes

A: no_evident_not_easy_check-in
B: no_one_give_key_on_late_check-in
Answer: No

A: no_evident_not_great_quality
B: shampoo_seem_cheap_considering_hotel_cost
Answer: Yes

A: no_evident_not_great_quality
B: expensive_hotel
Answer: No

Now answer for this pair. Output ONLY the final line ""Answer: Yes"" or ""Answer: No"" — no other text.

A: no_evident_not_feel_like_home_hotel
B: brand_new_fitting
Answer:
","A: no_evident_not_feel_like_home_hotel
B: brand_new_fitting
Answer: No"
2026-08-16 22:12:13,1,21413,no_evident_not_airy_hotel,has_swimming_pool,"Task: decide if Proposition B contradicts Assumption A.

Steps:
1. A defends a claim (strip ""no_evident_not_"" / ""have_evident_"" to see it).
2. B states a fact.
3. Does B disprove A's claim? Same specific issue only, not just same topic.

Output pattern (always use this exact shape):
A: <phrase>
B: <phrase>
Answer: Yes/No

Examples:

A: no_evident_not_easy_check-in
B: customer_wait_10_minute_for_greet
Answer: Yes

A: no_evident_not_easy_check-in
B: no_one_give_key_on_late_check-in
Answer: No

A: no_evident_not_great_quality
B: shampoo_seem_cheap_considering_hotel_cost
Answer: Yes

A: no_evident_not_great_quality
B: expensive_hotel
Answer: No

Now answer for this pair. Output ONLY the final line ""Answer: Yes"" or ""Answer: No"" — no other text.

A: no_evident_not_airy_hotel
B: has_swimming_pool
Answer:
","A: no_evident_not_airy_hotel
B: has_swimming_pool
Answer: No"
2026-08-16 22:12:13,1,32250,no_evident_not_cozy_atmosphere,everything_new,"Task: decide if Proposition B contradicts Assumption A.

Steps:
1. A defends a claim (strip ""no_evident_not_"" / ""have_evident_"" to see it).
2. B states a fact.
3. Does B disprove A's claim? Same specific issue only, not just same topic.

Output pattern (always use this exact shape):
A: <phrase>
B: <phrase>
Answer: Yes/No

Examples:

A: no_evident_not_easy_check-in
B: customer_wait_10_minute_for_greet
Answer: Yes

A: no_evident_not_easy_check-in
B: no_one_give_key_on_late_check-in
Answer: No

A: no_evident_not_great_quality
B: shampoo_seem_cheap_considering_hotel_cost
Answer: Yes

A: no_evident_not_great_quality
B: expensive_hotel
Answer: No

Now answer for this pair. Output ONLY the final line ""Answer: Yes"" or ""Answer: No"" — no other text.

A: no_evident_not_cozy_atmosphere
B: everything_new
Answer:
","A: no_evident_not_cozy_atmosphere
B: everything_new
Answer: No"
2026-08-16 22:12:13,1,21175,no_evident_not_free_parking,pet_friendly,"Task: decide if Proposition B contradicts Assumption A.

Steps:
1. A defends a claim (strip ""no_evident_not_"" / ""have_evident_"" to see it).
2. B states a fact.
3. Does B disprove A's claim? Same specific issue only, not just same topic.

Output pattern (always use this exact shape):
A: <phrase>
B: <phrase>
Answer: Yes/No

Examples:

A: no_evident_not_easy_check-in
B: customer_wait_10_minute_for_greet
Answer: Yes

A: no_evident_not_easy_check-in
B: no_one_give_key_on_late_check-in
Answer: No

A: no_evident_not_great_quality
B: shampoo_seem_cheap_considering_hotel_cost
Answer: Yes

A: no_evident_not_great_quality
B: expensive_hotel
Answer: No

Now answer for this pair. Output ONLY the final line ""Answer: Yes"" or ""Answer: No"" — no other text.

A: no_evident_not_free_parking
B: pet_friendly
Answer:
",Answer: No
2026-08-16 22:12:14,1,3225,no_evident_not_has_plenty_of_chair,homely_atmosphere,"Task: decide if Proposition B contradicts Assumption A.

Steps:
1. A defends a claim (strip ""no_evident_not_"" / ""have_evident_"" to see it).
2. B states a fact.
3. Does B disprove A's claim? Same specific issue only, not just same topic.

Output pattern (always use this exact shape):
A: <phrase>
B: <phrase>
Answer: Yes/No

Examples:

A: no_evident_not_easy_check-in
B: customer_wait_10_minute_for_greet
Answer: Yes

A: no_evident_not_easy_check-in
B: no_one_give_key_on_late_check-in
Answer: No

A: no_evident_not_great_quality
B: shampoo_seem_cheap_considering_hotel_cost
Answer: Yes

A: no_evident_not_great_quality
B: expensive_hotel
Answer: No

Now answer for this pair. Output ONLY the final line ""Answer: Yes"" or ""Answer: No"" — no other text.

A: no_evident_not_has_plenty_of_chair
B: homely_atmosphere
Answer:
","A: no_evident_not_has_plenty_of_chair
B: homely_atmosphere
Answer: Yes"
2026-08-16 22:12:14,1,1987,no_evident_not_peaceful_facility,renovated_hotel,"Task: decide if Proposition B contradicts Assumption A.

Steps:
1. A defends a claim (strip ""no_evident_not_"" / ""have_evident_"" to see it).
2. B states a fact.
3. Does B disprove A's claim? Same specific issue only, not just same topic.

Output pattern (always use this exact shape):
A: <phrase>
B: <phrase>
Answer: Yes/No

Examples:

A: no_evident_not_easy_check-in
B: customer_wait_10_minute_for_greet
Answer: Yes

A: no_evident_not_easy_check-in
B: no_one_give_key_on_late_check-in
Answer: No

A: no_evident_not_great_quality
B: shampoo_seem_cheap_considering_hotel_cost
Answer: Yes

A: no_evident_not_great_quality
B: expensive_hotel
Answer: No

Now answer for this pair. Output ONLY the final line ""Answer: Yes"" or ""Answer: No"" — no other text.

A: no_evident_not_peaceful_facility
B: renovated_hotel
Answer:
","A: no_evident_not_peaceful_facility
B: renovated_hotel
Answer: No"
2026-08-16 22:12:14,1,13194,no_evident_not_pet_friendly_hotel,comfortable_lobby,"Task: decide if Proposition B contradicts Assumption A.

Steps:
1. A defends a claim (strip ""no_evident_not_"" / ""have_evident_"" to see it).
2. B states a fact.
3. Does B disprove A's claim? Same specific issue only, not just same topic.

Output pattern (always use this exact shape):
A: <phrase>
B: <phrase>
Answer: Yes/No

Examples:

A: no_evident_not_easy_check-in
B: customer_wait_10_minute_for_greet
Answer: Yes

A: no_evident_not_easy_check-in
B: no_one_give_key_on_late_check-in
Answer: No

A: no_evident_not_great_quality
B: shampoo_seem_cheap_considering_hotel_cost
Answer: Yes

A: no_evident_not_great_quality
B: expensive_hotel
Answer: No

Now answer for this pair. Output ONLY the final line ""Answer: Yes"" or ""Answer: No"" — no other text.

A: no_evident_not_pet_friendly_hotel
B: comfortable_lobby
Answer:
",Answer: No
2026-08-16 22:12:15,1,23863,no_evident_not_new_reception,hotel_received_package_prior_arrival,"Task: decide if Proposition B contradicts Assumption A.

Steps:
1. A defends a claim (strip ""no_evident_not_"" / ""have_evident_"" to see it).
2. B states a fact.
3. Does B disprove A's claim? Same specific issue only, not just same topic.

Output pattern (always use this exact shape):
A: <phrase>
B: <phrase>
Answer: Yes/No

Examples:

A: no_evident_not_easy_check-in
B: customer_wait_10_minute_for_greet
Answer: Yes

A: no_evident_not_easy_check-in
B: no_one_give_key_on_late_check-in
Answer: No

A: no_evident_not_great_quality
B: shampoo_seem_cheap_considering_hotel_cost
Answer: Yes

A: no_evident_not_great_quality
B: expensive_hotel
Answer: No

Now answer for this pair. Output ONLY the final line ""Answer: Yes"" or ""Answer: No"" — no other text.

A: no_evident_not_new_reception
B: hotel_received_package_prior_arrival
Answer:
","A: no_evident_not_new_reception
B: hotel_received_package_prior_arrival
Answer: Yes"
2026-08-16 22:12:15,1,11119,no_evident_not_flexible_with_our_schedule,cozy_terrace,"Task: decide if Proposition B contradicts Assumption A.

Steps:
1. A defends a claim (strip ""no_evident_not_"" / ""have_evident_"" to see it).
2. B states a fact.
3. Does B disprove A's claim? Same specific issue only, not just same topic.

Output pattern (always use this exact shape):
A: <phrase>
B: <phrase>
Answer: Yes/No

Examples:

A: no_evident_not_easy_check-in
B: customer_wait_10_minute_for_greet
Answer: Yes

A: no_evident_not_easy_check-in
B: no_one_give_key_on_late_check-in
Answer: No

A: no_evident_not_great_quality
B: shampoo_seem_cheap_considering_hotel_cost
Answer: Yes

A: no_evident_not_great_quality
B: expensive_hotel
Answer: No

Now answer for this pair. Output ONLY the final line ""Answer: Yes"" or ""Answer: No"" — no other text.

A: no_evident_not_flexible_with_our_schedule
B: cozy_terrace
Answer:
","A: no_evident_not_flexible_with_our_schedule
B: no_one_book_certainly_more_than_one_day
Answer: Yes"
2026-08-16 22:12:15,1,26234,no_evident_not_have_parking,clean_reception,"Task: decide if Proposition B contradicts Assumption A.

Steps:
1. A defends a claim (strip ""no_evident_not_"" / ""have_evident_"" to see it).
2. B states a fact.
3. Does B disprove A's claim? Same specific issue only, not just same topic.

Output pattern (always use this exact shape):
A: <phrase>
B: <phrase>
Answer: Yes/No

Examples:

A: no_evident_not_easy_check-in
B: customer_wait_10_minute_for_greet
Answer: Yes

A: no_evident_not_easy_check-in
B: no_one_give_key_on_late_check-in
Answer: No

A: no_evident_not_great_quality
B: shampoo_seem_cheap_considering_hotel_cost
Answer: Yes

A: no_evident_not_great_quality
B: expensive_hotel
Answer: No

Now answer for this pair. Output ONLY the final line ""Answer: Yes"" or ""Answer: No"" — no other text.

A: no_evident_not_have_parking
B: clean_reception
Answer:
",Answer: No
2026-08-16 22:12:15,1,28236,no_evident_not_welcoming_environment,family_hotel,"Task: decide if Proposition B contradicts Assumption A.

Steps:
1. A defends a claim (strip ""no_evident_not_"" / ""have_evident_"" to see it).
2. B states a fact.
3. Does B disprove A's claim? Same specific issue only, not just same topic.

Output pattern (always use this exact shape):
A: <phrase>
B: <phrase>
Answer: Yes/No

Examples:

A: no_evident_not_easy_check-in
B: customer_wait_10_minute_for_greet
Answer: Yes

A: no_evident_not_easy_check-in
B: no_one_give_key_on_late_check-in
Answer: No

A: no_evident_not_great_quality
B: shampoo_seem_cheap_considering_hotel_cost
Answer: Yes

A: no_evident_not_great_quality
B: expensive_hotel
Answer: No

Now answer for this pair. Output ONLY the final line ""Answer: Yes"" or ""Answer: No"" — no other text.

A: no_evident_not_welcoming_environment
B: family_hotel
Answer:
","A: no_evident_not_welcoming_environment
B: family_hotel
Answer: No"
2026-08-16 22:12:16,1,3581,no_evident_not_modern_facility,comfortable_street_terrace,"Task: decide if Proposition B contradicts Assumption A.

Steps:
1. A defends a claim (strip ""no_evident_not_"" / ""have_evident_"" to see it).
2. B states a fact.
3. Does B disprove A's claim? Same specific issue only, not just same topic.

Output pattern (always use this exact shape):
A: <phrase>
B: <phrase>
Answer: Yes/No

Examples:

A: no_evident_not_easy_check-in
B: customer_wait_10_minute_for_greet
Answer: Yes

A: no_evident_not_easy_check-in
B: no_one_give_key_on_late_check-in
Answer: No

A: no_evident_not_great_quality
B: shampoo_seem_cheap_considering_hotel_cost
Answer: Yes

A: no_evident_not_great_quality
B: expensive_hotel
Answer: No

Now answer for this pair. Output ONLY the final line ""Answer: Yes"" or ""Answer: No"" — no other text.

A: no_evident_not_modern_facility
B: comfortable_street_terrace
Answer:
","A: no_evident_not_modern_facility
B: comfortable_street_terrace
Answer: No"
2026-08-16 22:12:16,1,8148,no_evident_not_offered_drink,fresh_hotel,"Task: decide if Proposition B contradicts Assumption A.

Steps:
1. A defends a claim (strip ""no_evident_not_"" / ""have_evident_"" to see it).
2. B states a fact.
3. Does B disprove A's claim? Same specific issue only, not just same topic.

Output pattern (always use this exact shape):
A: <phrase>
B: <phrase>
Answer: Yes/No

Examples:

A: no_evident_not_easy_check-in
B: customer_wait_10_minute_for_greet
Answer: Yes

A: no_evident_not_easy_check-in
B: no_one_give_key_on_late_check-in
Answer: No

A: no_evident_not_great_quality
B: shampoo_seem_cheap_considering_hotel_cost
Answer: Yes

A: no_evident_not_great_quality
B: expensive_hotel
Answer: No

Now answer for this pair. Output ONLY the final line ""Answer: Yes"" or ""Answer: No"" — no other text.

A: no_evident_not_offered_drink
B: fresh_hotel
Answer:
","A: no_evident_not_offered_drink
B: fresh_hotel
Answer: No"
2026-08-16 22:12:16,1,6279,no_evident_not_fantastic_service,excellent_option,"Task: decide if Proposition B contradicts Assumption A.

Steps:
1. A defends a claim (strip ""no_evident_not_"" / ""have_evident_"" to see it).
2. B states a fact.
3. Does B disprove A's claim? Same specific issue only, not just same topic.

Output pattern (always use this exact shape):
A: <phrase>
B: <phrase>
Answer: Yes/No

Examples:

A: no_evident_not_easy_check-in
B: customer_wait_10_minute_for_greet
Answer: Yes

A: no_evident_not_easy_check-in
B: no_one_give_key_on_late_check-in
Answer: No

A: no_evident_not_great_quality
B: shampoo_seem_cheap_considering_hotel_cost
Answer: Yes

A: no_evident_not_great_quality
B: expensive_hotel
Answer: No

Now answer for this pair. Output ONLY the final line ""Answer: Yes"" or ""Answer: No"" — no other text.

A: no_evident_not_fantastic_service
B: excellent_option
Answer:
","A: no_evident_not_fantastic_service
B: excellent_option
Answer: No"
2026-08-16 22:12:17,1,6233,no_evident_not_fantastic_service,nice_front_of_hotel,"Task: decide if Proposition B contradicts Assumption A.

Steps:
1. A defends a claim (strip ""no_evident_not_"" / ""have_evident_"" to see it).
2. B states a fact.
3. Does B disprove A's claim? Same specific issue only, not just same topic.

Output pattern (always use this exact shape):
A: <phrase>
B: <phrase>
Answer: Yes/No

Examples:

A: no_evident_not_easy_check-in
B: customer_wait_10_minute_for_greet
Answer: Yes

A: no_evident_not_easy_check-in
B: no_one_give_key_on_late_check-in
Answer: No

A: no_evident_not_great_quality
B: shampoo_seem_cheap_considering_hotel_cost
Answer: Yes

A: no_evident_not_great_quality
B: expensive_hotel
Answer: No

Now answer for this pair. Output ONLY the final line ""Answer: Yes"" or ""Answer: No"" — no other text.

A: no_evident_not_fantastic_service
B: nice_front_of_hotel
Answer:
","A: no_evident_not_fantastic_service
B: nice_front_of_hotel
Answer: No"
2026-08-16 22:12:17,1,17574,no_evident_not_easy_hotel,front_to_unwind_evening,"Task: decide if Proposition B contradicts Assumption A.

Steps:
1. A defends a claim (strip ""no_evident_not_"" / ""have_evident_"" to see it).
2. B states a fact.
3. Does B disprove A's claim? Same specific issue only, not just same topic.

Output pattern (always use this exact shape):
A: <phrase>
B: <phrase>
Answer: Yes/No

Examples:

A: no_evident_not_easy_check-in
B: customer_wait_10_minute_for_greet
Answer: Yes

A: no_evident_not_easy_check-in
B: no_one_give_key_on_late_check-in
Answer: No

A: no_evident_not_great_quality
B: shampoo_seem_cheap_considering_hotel_cost
Answer: Yes

A: no_evident_not_great_quality
B: expensive_hotel
Answer: No

Now answer for this pair. Output ONLY the final line ""Answer: Yes"" or ""Answer: No"" — no other text.

A: no_evident_not_easy_hotel
B: front_to_unwind_evening
Answer:
","A: no_evident_not_easy_hotel
B: front_to_unwind_evening
Answer: No"
2026-08-16 22:12:17,1,14701,no_evident_not_spotlessly_clean,neat_facility,"Task: decide if Proposition B contradicts Assumption A.

Steps:
1. A defends a claim (strip ""no_evident_not_"" / ""have_evident_"" to see it).
2. B states a fact.
3. Does B disprove A's claim? Same specific issue only, not just same topic.

Output pattern (always use this exact shape):
A: <phrase>
B: <phrase>
Answer: Yes/No

Examples:

A: no_evident_not_easy_check-in
B: customer_wait_10_minute_for_greet
Answer: Yes

A: no_evident_not_easy_check-in
B: no_one_give_key_on_late_check-in
Answer: No

A: no_evident_not_great_quality
B: shampoo_seem_cheap_considering_hotel_cost
Answer: Yes

A: no_evident_not_great_quality
B: expensive_hotel
Answer: No

Now answer for this pair. Output ONLY the final line ""Answer: Yes"" or ""Answer: No"" — no other text.

A: no_evident_not_spotlessly_clean
B: neat_facility
Answer:
","A: no_evident_not_spotlessly_clean
B: neat_facility
Answer: No"
2026-08-16 22:12:18,1,4594,no_evident_not_allow_stay_with_animal,convenient_for_short_stay,"Task: decide if Proposition B contradicts Assumption A.

Steps:
1. A defends a claim (strip ""no_evident_not_"" / ""have_evident_"" to see it).
2. B states a fact.
3. Does B disprove A's claim? Same specific issue only, not just same topic.

Output pattern (always use this exact shape):
A: <phrase>
B: <phrase>
Answer: Yes/No

Examples:

A: no_evident_not_easy_check-in
B: customer_wait_10_minute_for_greet
Answer: Yes

A: no_evident_not_easy_check-in
B: no_one_give_key_on_late_check-in
Answer: No

A: no_evident_not_great_quality
B: shampoo_seem_cheap_considering_hotel_cost
Answer: Yes

A: no_evident_not_great_quality
B: expensive_hotel
Answer: No

Now answer for this pair. Output ONLY the final line ""Answer: Yes"" or ""Answer: No"" — no other text.

A: no_evident_not_allow_stay_with_animal
B: convenient_for_short_stay
Answer:
","A: no_evident_not_allow_stay_with_animal
B: convenient_for_short_stay
Answer: No"
2026-08-16 22:12:18,1,13825,no_evident_not_good_wifi,has_cozy_courtyard,"Task: decide if Proposition B contradicts Assumption A.

Steps:
1. A defends a claim (strip ""no_evident_not_"" / ""have_evident_"" to see it).
2. B states a fact.
3. Does B disprove A's claim? Same specific issue only, not just same topic.

Output pattern (always use this exact shape):
A: <phrase>
B: <phrase>
Answer: Yes/No

Examples:

A: no_evident_not_easy_check-in
B: customer_wait_10_minute_for_greet
Answer: Yes

A: no_evident_not_easy_check-in
B: no_one_give_key_on_late_check-in
Answer: No

A: no_evident_not_great_quality
B: shampoo_seem_cheap_considering_hotel_cost
Answer: Yes

A: no_evident_not_great_quality
B: expensive_hotel
Answer: No

Now answer for this pair. Output ONLY the final line ""Answer: Yes"" or ""Answer: No"" — no other text.

A: no_evident_not_good_wifi
B: has_cozy_courtyard
Answer:
",Answer: No
2026-08-16 22:12:18,1,6013,no_evident_not_full_equiped,feel_welcome_from_arrival_moment,"Task: decide if Proposition B contradicts Assumption A.

Steps:
1. A defends a claim (strip ""no_evident_not_"" / ""have_evident_"" to see it).
2. B states a fact.
3. Does B disprove A's claim? Same specific issue only, not just same topic.

Output pattern (always use this exact shape):
A: <phrase>
B: <phrase>
Answer: Yes/No

Examples:

A: no_evident_not_easy_check-in
B: customer_wait_10_minute_for_greet
Answer: Yes

A: no_evident_not_easy_check-in
B: no_one_give_key_on_late_check-in
Answer: No

A: no_evident_not_great_quality
B: shampoo_seem_cheap_considering_hotel_cost
Answer: Yes

A: no_evident_not_great_quality
B: expensive_hotel
Answer: No

Now answer for this pair. Output ONLY the final line ""Answer: Yes"" or ""Answer: No"" — no other text.

A: no_evident_not_full_equiped
B: feel_welcome_from_arrival_moment
Answer:
","A: no_evident_not_full_equiped
B: feel_welcome_from_arrival_moment
Answer: No"
2026-08-16 22:12:19,1,9128,no_evident_not_small_hotel_which_we_like,many_free_parking_space_available_on_early_November,"Task: decide if Proposition B contradicts Assumption A.

Steps:
1. A defends a claim (strip ""no_evident_not_"" / ""have_evident_"" to see it).
2. B states a fact.
3. Does B disprove A's claim? Same specific issue only, not just same topic.

Output pattern (always use this exact shape):
A: <phrase>
B: <phrase>
Answer: Yes/No

Examples:

A: no_evident_not_easy_check-in
B: customer_wait_10_minute_for_greet
Answer: Yes

A: no_evident_not_easy_check-in
B: no_one_give_key_on_late_check-in
Answer: No

A: no_evident_not_great_quality
B: shampoo_seem_cheap_considering_hotel_cost
Answer: Yes

A: no_evident_not_great_quality
B: expensive_hotel
Answer: No

Now answer for this pair. Output ONLY the final line ""Answer: Yes"" or ""Answer: No"" — no other text.

A: no_evident_not_small_hotel_which_we_like
B: many_free_parking_space_available_on_early_November
Answer:
","A: no_evident_not_small_hotel_which_we_like
B: many_free_parking_space_available_on_early_November
Answer: No"
2026-08-16 22:12:19,1,15160,no_evident_not_comfortable_atmosphere,great_hotel,"Task: decide if Proposition B contradicts Assumption A.

Steps:
1. A defends a claim (strip ""no_evident_not_"" / ""have_evident_"" to see it).
2. B states a fact.
3. Does B disprove A's claim? Same specific issue only, not just same topic.

Output pattern (always use this exact shape):
A: <phrase>
B: <phrase>
Answer: Yes/No

Examples:

A: no_evident_not_easy_check-in
B: customer_wait_10_minute_for_greet
Answer: Yes

A: no_evident_not_easy_check-in
B: no_one_give_key_on_late_check-in
Answer: No

A: no_evident_not_great_quality
B: shampoo_seem_cheap_considering_hotel_cost
Answer: Yes

A: no_evident_not_great_quality
B: expensive_hotel
Answer: No

Now answer for this pair. Output ONLY the final line ""Answer: Yes"" or ""Answer: No"" — no other text.

A: no_evident_not_comfortable_atmosphere
B: great_hotel
Answer:
",Answer: No
2026-08-16 22:12:19,1,8186,no_evident_not_offered_drink,family_run_hotel,"Task: decide if Proposition B contradicts Assumption A.

Steps:
1. A defends a claim (strip ""no_evident_not_"" / ""have_evident_"" to see it).
2. B states a fact.
3. Does B disprove A's claim? Same specific issue only, not just same topic.

Output pattern (always use this exact shape):
A: <phrase>
B: <phrase>
Answer: Yes/No

Examples:

A: no_evident_not_easy_check-in
B: customer_wait_10_minute_for_greet
Answer: Yes

A: no_evident_not_easy_check-in
B: no_one_give_key_on_late_check-in
Answer: No

A: no_evident_not_great_quality
B: shampoo_seem_cheap_considering_hotel_cost
Answer: Yes

A: no_evident_not_great_quality
B: expensive_hotel
Answer: No

Now answer for this pair. Output ONLY the final line ""Answer: Yes"" or ""Answer: No"" — no other text.

A: no_evident_not_offered_drink
B: family_run_hotel
Answer:
","A: no_evident_not_offered_drink
B: family_run_hotel
Answer: Yes"
2026-08-16 22:12:19,1,28656,no_evident_not_clean_street_terrace,perfect_hotel,"Task: decide if Proposition B contradicts Assumption A.

Steps:
1. A defends a claim (strip ""no_evident_not_"" / ""have_evident_"" to see it).
2. B states a fact.
3. Does B disprove A's claim? Same specific issue only, not just same topic.

Output pattern (always use this exact shape):
A: <phrase>
B: <phrase>
Answer: Yes/No

Examples:

A: no_evident_not_easy_check-in
B: customer_wait_10_minute_for_greet
Answer: Yes

A: no_evident_not_easy_check-in
B: no_one_give_key_on_late_check-in
Answer: No

A: no_evident_not_great_quality
B: shampoo_seem_cheap_considering_hotel_cost
Answer: Yes

A: no_evident_not_great_quality
B: expensive_hotel
Answer: No

Now answer for this pair. Output ONLY the final line ""Answer: Yes"" or ""Answer: No"" — no other text.

A: no_evident_not_clean_street_terrace
B: perfect_hotel
Answer:
","A: no_evident_not_clean_street_terrace
B: perfect_hotel
Answer: No"
2026-08-16 22:12:20,1,30254,no_evident_not_free_parking_along_street,feel_new,"Task: decide if Proposition B contradicts Assumption A.

Steps:
1. A defends a claim (strip ""no_evident_not_"" / ""have_evident_"" to see it).
2. B states a fact.
3. Does B disprove A's claim? Same specific issue only, not just same topic.

Output pattern (always use this exact shape):
A: <phrase>
B: <phrase>
Answer: Yes/No

Examples:

A: no_evident_not_easy_check-in
B: customer_wait_10_minute_for_greet
Answer: Yes

A: no_evident_not_easy_check-in
B: no_one_give_key_on_late_check-in
Answer: No

A: no_evident_not_great_quality
B: shampoo_seem_cheap_considering_hotel_cost
Answer: Yes

A: no_evident_not_great_quality
B: expensive_hotel
Answer: No

Now answer for this pair. Output ONLY the final line ""Answer: Yes"" or ""Answer: No"" — no other text.

A: no_evident_not_free_parking_along_street
B: feel_new
Answer:
","A: no_evident_not_free_parking_along_street
B: feel_new
Answer: No"
2026-08-16 22:12:20,1,2471,no_evident_not_feel_new,furnished_hotel,"Task: decide if Proposition B contradicts Assumption A.

Steps:
1. A defends a claim (strip ""no_evident_not_"" / ""have_evident_"" to see it).
2. B states a fact.
3. Does B disprove A's claim? Same specific issue only, not just same topic.

Output pattern (always use this exact shape):
A: <phrase>
B: <phrase>
Answer: Yes/No

Examples:

A: no_evident_not_easy_check-in
B: customer_wait_10_minute_for_greet
Answer: Yes

A: no_evident_not_easy_check-in
B: no_one_give_key_on_late_check-in
Answer: No

A: no_evident_not_great_quality
B: shampoo_seem_cheap_considering_hotel_cost
Answer: Yes

A: no_evident_not_great_quality
B: expensive_hotel
Answer: No

Now answer for this pair. Output ONLY the final line ""Answer: Yes"" or ""Answer: No"" — no other text.

A: no_evident_not_feel_new
B: furnished_hotel
Answer:
","A: no_evident_not_feel_new
B: furnished_hotel
Answer: No"
2026-08-16 22:12:20,1,14521,no_evident_not_excellent_hotel,neat_facility,"Task: decide if Proposition B contradicts Assumption A.

Steps:
1. A defends a claim (strip ""no_evident_not_"" / ""have_evident_"" to see it).
2. B states a fact.
3. Does B disprove A's claim? Same specific issue only, not just same topic.

Output pattern (always use this exact shape):
A: <phrase>
B: <phrase>
Answer: Yes/No

Examples:

A: no_evident_not_easy_check-in
B: customer_wait_10_minute_for_greet
Answer: Yes

A: no_evident_not_easy_check-in
B: no_one_give_key_on_late_check-in
Answer: No

A: no_evident_not_great_quality
B: shampoo_seem_cheap_considering_hotel_cost
Answer: Yes

A: no_evident_not_great_quality
B: expensive_hotel
Answer: No

Now answer for this pair. Output ONLY the final line ""Answer: Yes"" or ""Answer: No"" — no other text.

A: no_evident_not_excellent_hotel
B: neat_facility
Answer:
","A: no_evident_not_excellent_hotel
B: neat_facility
Answer: No"
2026-08-16 22:12:21,1,26478,no_evident_not_neat_hotel,has_plenty_of_chair,"Task: decide if Proposition B contradicts Assumption A.

Steps:
1. A defends a claim (strip ""no_evident_not_"" / ""have_evident_"" to see it).
2. B states a fact.
3. Does B disprove A's claim? Same specific issue only, not just same topic.

Output pattern (always use this exact shape):
A: <phrase>
B: <phrase>
Answer: Yes/No

Examples:

A: no_evident_not_easy_check-in
B: customer_wait_10_minute_for_greet
Answer: Yes

A: no_evident_not_easy_check-in
B: no_one_give_key_on_late_check-in
Answer: No

A: no_evident_not_great_quality
B: shampoo_seem_cheap_considering_hotel_cost
Answer: Yes

A: no_evident_not_great_quality
B: expensive_hotel
Answer: No

Now answer for this pair. Output ONLY the final line ""Answer: Yes"" or ""Answer: No"" — no other text.

A: no_evident_not_neat_hotel
B: has_plenty_of_chair
Answer:
","A: no_evident_not_neat_hotel
B: has_plenty_of_chair
Answer: No"
2026-08-16 22:12:21,1,28225,no_evident_not_welcoming_environment,has_cozy_courtyard,"Task: decide if Proposition B contradicts Assumption A.

Steps:
1. A defends a claim (strip ""no_evident_not_"" / ""have_evident_"" to see it).
2. B states a fact.
3. Does B disprove A's claim? Same specific issue only, not just same topic.

Output pattern (always use this exact shape):
A: <phrase>
B: <phrase>
Answer: Yes/No

Examples:

A: no_evident_not_easy_check-in
B: customer_wait_10_minute_for_greet
Answer: Yes

A: no_evident_not_easy_check-in
B: no_one_give_key_on_late_check-in
Answer: No

A: no_evident_not_great_quality
B: shampoo_seem_cheap_considering_hotel_cost
Answer: Yes

A: no_evident_not_great_quality
B: expensive_hotel
Answer: No

Now answer for this pair. Output ONLY the final line ""Answer: Yes"" or ""Answer: No"" — no other text.

A: no_evident_not_welcoming_environment
B: has_cozy_courtyard
Answer:
","A: no_evident_not_welcoming_environment
B: has_cozy_courtyard
Answer: No"
2026-08-16 22:12:21,1,28049,no_evident_not_family_hotel,stunning_hotel,"Task: decide if Proposition B contradicts Assumption A.

Steps:
1. A defends a claim (strip ""no_evident_not_"" / ""have_evident_"" to see it).
2. B states a fact.
3. Does B disprove A's claim? Same specific issue only, not just same topic.

Output pattern (always use this exact shape):
A: <phrase>
B: <phrase>
Answer: Yes/No

Examples:

A: no_evident_not_easy_check-in
B: customer_wait_10_minute_for_greet
Answer: Yes

A: no_evident_not_easy_check-in
B: no_one_give_key_on_late_check-in
Answer: No

A: no_evident_not_great_quality
B: shampoo_seem_cheap_considering_hotel_cost
Answer: Yes

A: no_evident_not_great_quality
B: expensive_hotel
Answer: No

Now answer for this pair. Output ONLY the final line ""Answer: Yes"" or ""Answer: No"" — no other text.

A: no_evident_not_family_hotel
B: stunning_hotel
Answer:
",Answer: No
2026-08-16 22:12:21,1,18034,no_evident_not_clear_interior,full_equiped,"Task: decide if Proposition B contradicts Assumption A.

Steps:
1. A defends a claim (strip ""no_evident_not_"" / ""have_evident_"" to see it).
2. B states a fact.
3. Does B disprove A's claim? Same specific issue only, not just same topic.

Output pattern (always use this exact shape):
A: <phrase>
B: <phrase>
Answer: Yes/No

Examples:

A: no_evident_not_easy_check-in
B: customer_wait_10_minute_for_greet
Answer: Yes

A: no_evident_not_easy_check-in
B: no_one_give_key_on_late_check-in
Answer: No

A: no_evident_not_great_quality
B: shampoo_seem_cheap_considering_hotel_cost
Answer: Yes

A: no_evident_not_great_quality
B: expensive_hotel
Answer: No

Now answer for this pair. Output ONLY the final line ""Answer: Yes"" or ""Answer: No"" — no other text.

A: no_evident_not_clear_interior
B: full_equiped
Answer:
","A: no_evident_not_clear_interior
B: full_equiped
Answer: No"
2026-08-16 22:12:22,1,3209,no_evident_not_has_plenty_of_chair,stunning_hotel,"Task: decide if Proposition B contradicts Assumption A.

Steps:
1. A defends a claim (strip ""no_evident_not_"" / ""have_evident_"" to see it).
2. B states a fact.
3. Does B disprove A's claim? Same specific issue only, not just same topic.

Output pattern (always use this exact shape):
A: <phrase>
B: <phrase>
Answer: Yes/No

Examples:

A: no_evident_not_easy_check-in
B: customer_wait_10_minute_for_greet
Answer: Yes

A: no_evident_not_easy_check-in
B: no_one_give_key_on_late_check-in
Answer: No

A: no_evident_not_great_quality
B: shampoo_seem_cheap_considering_hotel_cost
Answer: Yes

A: no_evident_not_great_quality
B: expensive_hotel
Answer: No

Now answer for this pair. Output ONLY the final line ""Answer: Yes"" or ""Answer: No"" — no other text.

A: no_evident_not_has_plenty_of_chair
B: stunning_hotel
Answer:
","A: no_evident_not_has_plenty_of_chair
B: stunning_hotel
Answer: Yes"
2026-08-16 22:12:22,1,1658,no_evident_not_welcoming_entrance,well_run,"Task: decide if Proposition B contradicts Assumption A.

Steps:
1. A defends a claim (strip ""no_evident_not_"" / ""have_evident_"" to see it).
2. B states a fact.
3. Does B disprove A's claim? Same specific issue only, not just same topic.

Output pattern (always use this exact shape):
A: <phrase>
B: <phrase>
Answer: Yes/No

Examples:

A: no_evident_not_easy_check-in
B: customer_wait_10_minute_for_greet
Answer: Yes

A: no_evident_not_easy_check-in
B: no_one_give_key_on_late_check-in
Answer: No

A: no_evident_not_great_quality
B: shampoo_seem_cheap_considering_hotel_cost
Answer: Yes

A: no_evident_not_great_quality
B: expensive_hotel
Answer: No

Now answer for this pair. Output ONLY the final line ""Answer: Yes"" or ""Answer: No"" — no other text.

A: no_evident_not_welcoming_entrance
B: well_run
Answer:
","A: no_evident_not_welcoming_entrance
B: well_run
Answer: No"
2026-08-16 22:12:22,1,21370,no_evident_not_airy_hotel,close_car_park,"Task: decide if Proposition B contradicts Assumption A.

Steps:
1. A defends a claim (strip ""no_evident_not_"" / ""have_evident_"" to see it).
2. B states a fact.
3. Does B disprove A's claim? Same specific issue only, not just same topic.

Output pattern (always use this exact shape):
A: <phrase>
B: <phrase>
Answer: Yes/No

Examples:

A: no_evident_not_easy_check-in
B: customer_wait_10_minute_for_greet
Answer: Yes

A: no_evident_not_easy_check-in
B: no_one_give_key_on_late_check-in
Answer: No

A: no_evident_not_great_quality
B: shampoo_seem_cheap_considering_hotel_cost
Answer: Yes

A: no_evident_not_great_quality
B: expensive_hotel
Answer: No

Now answer for this pair. Output ONLY the final line ""Answer: Yes"" or ""Answer: No"" — no other text.

A: no_evident_not_airy_hotel
B: close_car_park
Answer:
","A: no_evident_not_airy_hotel
B: close_car_park
Answer: No"
2026-08-16 22:12:22,1,17714,no_evident_not_5_star_hotel,pet_friendly_hotel,"Task: decide if Proposition B contradicts Assumption A.

Steps:
1. A defends a claim (strip ""no_evident_not_"" / ""have_evident_"" to see it).
2. B states a fact.
3. Does B disprove A's claim? Same specific issue only, not just same topic.

Output pattern (always use this exact shape):
A: <phrase>
B: <phrase>
Answer: Yes/No

Examples:

A: no_evident_not_easy_check-in
B: customer_wait_10_minute_for_greet
Answer: Yes

A: no_evident_not_easy_check-in
B: no_one_give_key_on_late_check-in
Answer: No

A: no_evident_not_great_quality
B: shampoo_seem_cheap_considering_hotel_cost
Answer: Yes

A: no_evident_not_great_quality
B: expensive_hotel
Answer: No

Now answer for this pair. Output ONLY the final line ""Answer: Yes"" or ""Answer: No"" — no other text.

A: no_evident_not_5_star_hotel
B: pet_friendly_hotel
Answer:
",Answer: No
2026-08-16 22:12:22,1,27395,no_evident_not_can_request_by_push_button,fantastic_service,"Task: decide if Proposition B contradicts Assumption A.

Steps:
1. A defends a claim (strip ""no_evident_not_"" / ""have_evident_"" to see it).
2. B states a fact.
3. Does B disprove A's claim? Same specific issue only, not just same topic.

Output pattern (always use this exact shape):
A: <phrase>
B: <phrase>
Answer: Yes/No

Examples:

A: no_evident_not_easy_check-in
B: customer_wait_10_minute_for_greet
Answer: Yes

A: no_evident_not_easy_check-in
B: no_one_give_key_on_late_check-in
Answer: No

A: no_evident_not_great_quality
B: shampoo_seem_cheap_considering_hotel_cost
Answer: Yes

A: no_evident_not_great_quality
B: expensive_hotel
Answer: No

Now answer for this pair. Output ONLY the final line ""Answer: Yes"" or ""Answer: No"" — no other text.

A: no_evident_not_can_request_by_push_button
B: fantastic_service
Answer:
",Answer: No
2026-08-16 22:12:23,1,484,no_evident_not_family_atmosphere_hotel,friendly_hotel,"Task: decide if Proposition B contradicts Assumption A.

Steps:
1. A defends a claim (strip ""no_evident_not_"" / ""have_evident_"" to see it).
2. B states a fact.
3. Does B disprove A's claim? Same specific issue only, not just same topic.

Output pattern (always use this exact shape):
A: <phrase>
B: <phrase>
Answer: Yes/No

Examples:

A: no_evident_not_easy_check-in
B: customer_wait_10_minute_for_greet
Answer: Yes

A: no_evident_not_easy_check-in
B: no_one_give_key_on_late_check-in
Answer: No

A: no_evident_not_great_quality
B: shampoo_seem_cheap_considering_hotel_cost
Answer: Yes

A: no_evident_not_great_quality
B: expensive_hotel
Answer: No

Now answer for this pair. Output ONLY the final line ""Answer: Yes"" or ""Answer: No"" — no other text.

A: no_evident_not_family_atmosphere_hotel
B: friendly_hotel
Answer:
","A: no_evident_not_family_atmosphere_hotel
B: friendly_hotel
Answer: No"
2026-08-16 22:12:23,1,31753,no_evident_not_all_furniture_new,feel_welcome_from_arrival_moment,"Task: decide if Proposition B contradicts Assumption A.

Steps:
1. A defends a claim (strip ""no_evident_not_"" / ""have_evident_"" to see it).
2. B states a fact.
3. Does B disprove A's claim? Same specific issue only, not just same topic.

Output pattern (always use this exact shape):
A: <phrase>
B: <phrase>
Answer: Yes/No

Examples:

A: no_evident_not_easy_check-in
B: customer_wait_10_minute_for_greet
Answer: Yes

A: no_evident_not_easy_check-in
B: no_one_give_key_on_late_check-in
Answer: No

A: no_evident_not_great_quality
B: shampoo_seem_cheap_considering_hotel_cost
Answer: Yes

A: no_evident_not_great_quality
B: expensive_hotel
Answer: No

Now answer for this pair. Output ONLY the final line ""Answer: Yes"" or ""Answer: No"" — no other text.

A: no_evident_not_all_furniture_new
B: feel_welcome_from_arrival_moment
Answer:
","A: no_evident_not_all_furniture_new
B: feel_welcome_from_arrival_moment
Answer: No"
2026-08-16 22:12:23,1,3057,no_evident_not_everywhere_spotless_clean,all_furniture_new,"Task: decide if Proposition B contradicts Assumption A.

Steps:
1. A defends a claim (strip ""no_evident_not_"" / ""have_evident_"" to see it).
2. B states a fact.
3. Does B disprove A's claim? Same specific issue only, not just same topic.

Output pattern (always use this exact shape):
A: <phrase>
B: <phrase>
Answer: Yes/No

Examples:

A: no_evident_not_easy_check-in
B: customer_wait_10_minute_for_greet
Answer: Yes

A: no_evident_not_easy_check-in
B: no_one_give_key_on_late_check-in
Answer: No

A: no_evident_not_great_quality
B: shampoo_seem_cheap_considering_hotel_cost
Answer: Yes

A: no_evident_not_great_quality
B: expensive_hotel
Answer: No

Now answer for this pair. Output ONLY the final line ""Answer: Yes"" or ""Answer: No"" — no other text.

A: no_evident_not_everywhere_spotless_clean
B: all_furniture_new
Answer:
","A: no_evident_not_everywhere_spotless_clean
B: all_furniture_new
Answer: Yes"
2026-08-16 22:12:24,1,30356,no_evident_not_free_parking_along_street,made_for_comfortable_stay,"Task: decide if Proposition B contradicts Assumption A.

Steps:
1. A defends a claim (strip ""no_evident_not_"" / ""have_evident_"" to see it).
2. B states a fact.
3. Does B disprove A's claim? Same specific issue only, not just same topic.

Output pattern (always use this exact shape):
A: <phrase>
B: <phrase>
Answer: Yes/No

Examples:

A: no_evident_not_easy_check-in
B: customer_wait_10_minute_for_greet
Answer: Yes

A: no_evident_not_easy_check-in
B: no_one_give_key_on_late_check-in
Answer: No

A: no_evident_not_great_quality
B: shampoo_seem_cheap_considering_hotel_cost
Answer: Yes

A: no_evident_not_great_quality
B: expensive_hotel
Answer: No

Now answer for this pair. Output ONLY the final line ""Answer: Yes"" or ""Answer: No"" — no other text.

A: no_evident_not_free_parking_along_street
B: made_for_comfortable_stay
Answer:
","A: no_evident_not_free_parking_along_street
B: made_for_comfortable_stay
Answer: No"
2026-08-16 22:12:24,1,24693,no_evident_not_intimate_hotel,brand_new_facility,"Task: decide if Proposition B contradicts Assumption A.

Steps:
1. A defends a claim (strip ""no_evident_not_"" / ""have_evident_"" to see it).
2. B states a fact.
3. Does B disprove A's claim? Same specific issue only, not just same topic.

Output pattern (always use this exact shape):
A: <phrase>
B: <phrase>
Answer: Yes/No

Examples:

A: no_evident_not_easy_check-in
B: customer_wait_10_minute_for_greet
Answer: Yes

A: no_evident_not_easy_check-in
B: no_one_give_key_on_late_check-in
Answer: No

A: no_evident_not_great_quality
B: shampoo_seem_cheap_considering_hotel_cost
Answer: Yes

A: no_evident_not_great_quality
B: expensive_hotel
Answer: No

Now answer for this pair. Output ONLY the final line ""Answer: Yes"" or ""Answer: No"" — no other text.

A: no_evident_not_intimate_hotel
B: brand_new_facility
Answer:
","A: no_evident_not_intimate_hotel
B: brand_new_facility
Answer: No"
2026-08-16 22:12:24,1,27811,no_evident_not_brilliant_hotel,contemporary_decoration,"Task: decide if Proposition B contradicts Assumption A.

Steps:
1. A defends a claim (strip ""no_evident_not_"" / ""have_evident_"" to see it).
2. B states a fact.
3. Does B disprove A's claim? Same specific issue only, not just same topic.

Output pattern (always use this exact shape):
A: <phrase>
B: <phrase>
Answer: Yes/No

Examples:

A: no_evident_not_easy_check-in
B: customer_wait_10_minute_for_greet
Answer: Yes

A: no_evident_not_easy_check-in
B: no_one_give_key_on_late_check-in
Answer: No

A: no_evident_not_great_quality
B: shampoo_seem_cheap_considering_hotel_cost
Answer: Yes

A: no_evident_not_great_quality
B: expensive_hotel
Answer: No

Now answer for this pair. Output ONLY the final line ""Answer: Yes"" or ""Answer: No"" — no other text.

A: no_evident_not_brilliant_hotel
B: contemporary_decoration
Answer:
","A: no_evident_not_brilliant_hotel
B: contemporary_decoration
Answer: No"
2026-08-16 22:12:25,1,7746,no_evident_not_new_facility,nice_hotel,"Task: decide if Proposition B contradicts Assumption A.

Steps:
1. A defends a claim (strip ""no_evident_not_"" / ""have_evident_"" to see it).
2. B states a fact.
3. Does B disprove A's claim? Same specific issue only, not just same topic.

Output pattern (always use this exact shape):
A: <phrase>
B: <phrase>
Answer: Yes/No

Examples:

A: no_evident_not_easy_check-in
B: customer_wait_10_minute_for_greet
Answer: Yes

A: no_evident_not_easy_check-in
B: no_one_give_key_on_late_check-in
Answer: No

A: no_evident_not_great_quality
B: shampoo_seem_cheap_considering_hotel_cost
Answer: Yes

A: no_evident_not_great_quality
B: expensive_hotel
Answer: No

Now answer for this pair. Output ONLY the final line ""Answer: Yes"" or ""Answer: No"" — no other text.

A: no_evident_not_new_facility
B: nice_hotel
Answer:
","A: no_evident_not_new_facility
B: nice_hotel
Answer: No"
2026-08-16 22:12:25,1,5450,no_evident_not_everything_beautiful,happy_with_service,"Task: decide if Proposition B contradicts Assumption A.

Steps:
1. A defends a claim (strip ""no_evident_not_"" / ""have_evident_"" to see it).
2. B states a fact.
3. Does B disprove A's claim? Same specific issue only, not just same topic.

Output pattern (always use this exact shape):
A: <phrase>
B: <phrase>
Answer: Yes/No

Examples:

A: no_evident_not_easy_check-in
B: customer_wait_10_minute_for_greet
Answer: Yes

A: no_evident_not_easy_check-in
B: no_one_give_key_on_late_check-in
Answer: No

A: no_evident_not_great_quality
B: shampoo_seem_cheap_considering_hotel_cost
Answer: Yes

A: no_evident_not_great_quality
B: expensive_hotel
Answer: No

Now answer for this pair. Output ONLY the final line ""Answer: Yes"" or ""Answer: No"" — no other text.

A: no_evident_not_everything_beautiful
B: happy_with_service
Answer:
","A: no_evident_not_everything_beautiful
B: happy_with_service
Answer: No"
2026-08-16 22:12:25,1,13318,no_evident_not_pet_friendly_hotel,suitable_for_overnight_stay,"Task: decide if Proposition B contradicts Assumption A.

Steps:
1. A defends a claim (strip ""no_evident_not_"" / ""have_evident_"" to see it).
2. B states a fact.
3. Does B disprove A's claim? Same specific issue only, not just same topic.

Output pattern (always use this exact shape):
A: <phrase>
B: <phrase>
Answer: Yes/No

Examples:

A: no_evident_not_easy_check-in
B: customer_wait_10_minute_for_greet
Answer: Yes

A: no_evident_not_easy_check-in
B: no_one_give_key_on_late_check-in
Answer: No

A: no_evident_not_great_quality
B: shampoo_seem_cheap_considering_hotel_cost
Answer: Yes

A: no_evident_not_great_quality
B: expensive_hotel
Answer: No

Now answer for this pair. Output ONLY the final line ""Answer: Yes"" or ""Answer: No"" — no other text.

A: no_evident_not_pet_friendly_hotel
B: suitable_for_overnight_stay
Answer:
","A: no_evident_not_pet_friendly_hotel
B: suitable_for_overnight_stay
Answer: Yes"
2026-08-16 22:12:26,1,15914,no_evident_not_simple_decoration,pet_friendly_hotel,"Task: decide if Proposition B contradicts Assumption A.

Steps:
1. A defends a claim (strip ""no_evident_not_"" / ""have_evident_"" to see it).
2. B states a fact.
3. Does B disprove A's claim? Same specific issue only, not just same topic.

Output pattern (always use this exact shape):
A: <phrase>
B: <phrase>
Answer: Yes/No

Examples:

A: no_evident_not_easy_check-in
B: customer_wait_10_minute_for_greet
Answer: Yes

A: no_evident_not_easy_check-in
B: no_one_give_key_on_late_check-in
Answer: No

A: no_evident_not_great_quality
B: shampoo_seem_cheap_considering_hotel_cost
Answer: Yes

A: no_evident_not_great_quality
B: expensive_hotel
Answer: No

Now answer for this pair. Output ONLY the final line ""Answer: Yes"" or ""Answer: No"" — no other text.

A: no_evident_not_simple_decoration
B: pet_friendly_hotel
Answer:
","A: no_evident_not_simple_decoration
B: pet_friendly_hotel
Answer: No"
2026-08-16 22:12:26,1,15774,no_evident_not_easy_parking,front_to_unwind_evening,"Task: decide if Proposition B contradicts Assumption A.

Steps:
1. A defends a claim (strip ""no_evident_not_"" / ""have_evident_"" to see it).
2. B states a fact.
3. Does B disprove A's claim? Same specific issue only, not just same topic.

Output pattern (always use this exact shape):
A: <phrase>
B: <phrase>
Answer: Yes/No

Examples:

A: no_evident_not_easy_check-in
B: customer_wait_10_minute_for_greet
Answer: Yes

A: no_evident_not_easy_check-in
B: no_one_give_key_on_late_check-in
Answer: No

A: no_evident_not_great_quality
B: shampoo_seem_cheap_considering_hotel_cost
Answer: Yes

A: no_evident_not_great_quality
B: expensive_hotel
Answer: No

Now answer for this pair. Output ONLY the final line ""Answer: Yes"" or ""Answer: No"" — no other text.

A: no_evident_not_easy_parking
B: front_to_unwind_evening
Answer:
",Answer: No
2026-08-16 22:12:26,1,7005,no_evident_not_family_establishment,homely_atmosphere,"Task: decide if Proposition B contradicts Assumption A.

Steps:
1. A defends a claim (strip ""no_evident_not_"" / ""have_evident_"" to see it).
2. B states a fact.
3. Does B disprove A's claim? Same specific issue only, not just same topic.

Output pattern (always use this exact shape):
A: <phrase>
B: <phrase>
Answer: Yes/No

Examples:

A: no_evident_not_easy_check-in
B: customer_wait_10_minute_for_greet
Answer: Yes

A: no_evident_not_easy_check-in
B: no_one_give_key_on_late_check-in
Answer: No

A: no_evident_not_great_quality
B: shampoo_seem_cheap_considering_hotel_cost
Answer: Yes

A: no_evident_not_great_quality
B: expensive_hotel
Answer: No

Now answer for this pair. Output ONLY the final line ""Answer: Yes"" or ""Answer: No"" — no other text.

A: no_evident_not_family_establishment
B: homely_atmosphere
Answer:
","A: no_evident_not_family_establishment
B: homely_atmosphere
Answer: No"
2026-08-16 22:12:26,1,28333,no_evident_not_has_place_to_park_car,feel_welcome_from_arrival_moment,"Task: decide if Proposition B contradicts Assumption A.

Steps:
1. A defends a claim (strip ""no_evident_not_"" / ""have_evident_"" to see it).
2. B states a fact.
3. Does B disprove A's claim? Same specific issue only, not just same topic.

Output pattern (always use this exact shape):
A: <phrase>
B: <phrase>
Answer: Yes/No

Examples:

A: no_evident_not_easy_check-in
B: customer_wait_10_minute_for_greet
Answer: Yes

A: no_evident_not_easy_check-in
B: no_one_give_key_on_late_check-in
Answer: No

A: no_evident_not_great_quality
B: shampoo_seem_cheap_considering_hotel_cost
Answer: Yes

A: no_evident_not_great_quality
B: expensive_hotel
Answer: No

Now answer for this pair. Output ONLY the final line ""Answer: Yes"" or ""Answer: No"" — no other text.

A: no_evident_not_has_place_to_park_car
B: feel_welcome_from_arrival_moment
Answer:
",Answer: No
2026-08-16 22:12:26,1,13142,no_evident_not_pet_friendly_hotel,comfortable_hotel,"Task: decide if Proposition B contradicts Assumption A.

Steps:
1. A defends a claim (strip ""no_evident_not_"" / ""have_evident_"" to see it).
2. B states a fact.
3. Does B disprove A's claim? Same specific issue only, not just same topic.

Output pattern (always use this exact shape):
A: <phrase>
B: <phrase>
Answer: Yes/No

Examples:

A: no_evident_not_easy_check-in
B: customer_wait_10_minute_for_greet
Answer: Yes

A: no_evident_not_easy_check-in
B: no_one_give_key_on_late_check-in
Answer: No

A: no_evident_not_great_quality
B: shampoo_seem_cheap_considering_hotel_cost
Answer: Yes

A: no_evident_not_great_quality
B: expensive_hotel
Answer: No

Now answer for this pair. Output ONLY the final line ""Answer: Yes"" or ""Answer: No"" — no other text.

A: no_evident_not_pet_friendly_hotel
B: comfortable_hotel
Answer:
","A: no_evident_not_pet_friendly_hotel
B: comfortable_hotel
Answer: No"
2026-08-16 22:12:27,1,29572,no_evident_not_homely_atmosphere,lovely_lobby,"Task: decide if Proposition B contradicts Assumption A.

Steps:
1. A defends a claim (strip ""no_evident_not_"" / ""have_evident_"" to see it).
2. B states a fact.
3. Does B disprove A's claim? Same specific issue only, not just same topic.

Output pattern (always use this exact shape):
A: <phrase>
B: <phrase>
Answer: Yes/No

Examples:

A: no_evident_not_easy_check-in
B: customer_wait_10_minute_for_greet
Answer: Yes

A: no_evident_not_easy_check-in
B: no_one_give_key_on_late_check-in
Answer: No

A: no_evident_not_great_quality
B: shampoo_seem_cheap_considering_hotel_cost
Answer: Yes

A: no_evident_not_great_quality
B: expensive_hotel
Answer: No

Now answer for this pair. Output ONLY the final line ""Answer: Yes"" or ""Answer: No"" — no other text.

A: no_evident_not_homely_atmosphere
B: lovely_lobby
Answer:
","A: no_evident_not_homely_atmosphere
B: lovely_lobby
Answer: No"
2026-08-16 22:12:27,1,1922,no_evident_not_lovely_hotel,take_COVID_prevention_measure,"Task: decide if Proposition B contradicts Assumption A.

Steps:
1. A defends a claim (strip ""no_evident_not_"" / ""have_evident_"" to see it).
2. B states a fact.
3. Does B disprove A's claim? Same specific issue only, not just same topic.

Output pattern (always use this exact shape):
A: <phrase>
B: <phrase>
Answer: Yes/No

Examples:

A: no_evident_not_easy_check-in
B: customer_wait_10_minute_for_greet
Answer: Yes

A: no_evident_not_easy_check-in
B: no_one_give_key_on_late_check-in
Answer: No

A: no_evident_not_great_quality
B: shampoo_seem_cheap_considering_hotel_cost
Answer: Yes

A: no_evident_not_great_quality
B: expensive_hotel
Answer: No

Now answer for this pair. Output ONLY the final line ""Answer: Yes"" or ""Answer: No"" — no other text.

A: no_evident_not_lovely_hotel
B: take_COVID_prevention_measure
Answer:
","A: no_evident_not_lovely_hotel
B: take_COVID_prevention_measure
Answer: No"
2026-08-16 22:12:27,1,5395,no_evident_not_everything_new,possible_with_animal,"Task: decide if Proposition B contradicts Assumption A.

Steps:
1. A defends a claim (strip ""no_evident_not_"" / ""have_evident_"" to see it).
2. B states a fact.
3. Does B disprove A's claim? Same specific issue only, not just same topic.

Output pattern (always use this exact shape):
A: <phrase>
B: <phrase>
Answer: Yes/No

Examples:

A: no_evident_not_easy_check-in
B: customer_wait_10_minute_for_greet
Answer: Yes

A: no_evident_not_easy_check-in
B: no_one_give_key_on_late_check-in
Answer: No

A: no_evident_not_great_quality
B: shampoo_seem_cheap_considering_hotel_cost
Answer: Yes

A: no_evident_not_great_quality
B: expensive_hotel
Answer: No

Now answer for this pair. Output ONLY the final line ""Answer: Yes"" or ""Answer: No"" — no other text.

A: no_evident_not_everything_new
B: possible_with_animal
Answer:
","A: no_evident_not_everything_new
B: possible_with_animal
Answer: No"
2026-08-16 22:12:28,1,12419,no_evident_not_feel_like_home_atmosphere,compact_hotel,"Task: decide if Proposition B contradicts Assumption A.

Steps:
1. A defends a claim (strip ""no_evident_not_"" / ""have_evident_"" to see it).
2. B states a fact.
3. Does B disprove A's claim? Same specific issue only, not just same topic.

Output pattern (always use this exact shape):
A: <phrase>
B: <phrase>
Answer: Yes/No

Examples:

A: no_evident_not_easy_check-in
B: customer_wait_10_minute_for_greet
Answer: Yes

A: no_evident_not_easy_check-in
B: no_one_give_key_on_late_check-in
Answer: No

A: no_evident_not_great_quality
B: shampoo_seem_cheap_considering_hotel_cost
Answer: Yes

A: no_evident_not_great_quality
B: expensive_hotel
Answer: No

Now answer for this pair. Output ONLY the final line ""Answer: Yes"" or ""Answer: No"" — no other text.

A: no_evident_not_feel_like_home_atmosphere
B: compact_hotel
Answer:
","A: no_evident_not_feel_like_home_atmosphere
B: compact_hotel
Answer: No"
2026-08-16 22:12:28,1,71,no_evident_not_new_hotel,nice_ambiance_hotel,"Task: decide if Proposition B contradicts Assumption A.

Steps:
1. A defends a claim (strip ""no_evident_not_"" / ""have_evident_"" to see it).
2. B states a fact.
3. Does B disprove A's claim? Same specific issue only, not just same topic.

Output pattern (always use this exact shape):
A: <phrase>
B: <phrase>
Answer: Yes/No

Examples:

A: no_evident_not_easy_check-in
B: customer_wait_10_minute_for_greet
Answer: Yes

A: no_evident_not_easy_check-in
B: no_one_give_key_on_late_check-in
Answer: No

A: no_evident_not_great_quality
B: shampoo_seem_cheap_considering_hotel_cost
Answer: Yes

A: no_evident_not_great_quality
B: expensive_hotel
Answer: No

Now answer for this pair. Output ONLY the final line ""Answer: Yes"" or ""Answer: No"" — no other text.

A: no_evident_not_new_hotel
B: nice_ambiance_hotel
Answer:
","A: no_evident_not_new_hotel
B: nice_ambiance_hotel
Answer: No"
2026-08-16 22:12:28,1,32287,no_evident_not_cozy_atmosphere,everything_great,"Task: decide if Proposition B contradicts Assumption A.

Steps:
1. A defends a claim (strip ""no_evident_not_"" / ""have_evident_"" to see it).
2. B states a fact.
3. Does B disprove A's claim? Same specific issue only, not just same topic.

Output pattern (always use this exact shape):
A: <phrase>
B: <phrase>
Answer: Yes/No

Examples:

A: no_evident_not_easy_check-in
B: customer_wait_10_minute_for_greet
Answer: Yes

A: no_evident_not_easy_check-in
B: no_one_give_key_on_late_check-in
Answer: No

A: no_evident_not_great_quality
B: shampoo_seem_cheap_considering_hotel_cost
Answer: Yes

A: no_evident_not_great_quality
B: expensive_hotel
Answer: No

Now answer for this pair. Output ONLY the final line ""Answer: Yes"" or ""Answer: No"" — no other text.

A: no_evident_not_cozy_atmosphere
B: everything_great
Answer:
","A: no_evident_not_cozy_atmosphere
B: everything_great
Answer: No"
2026-08-16 22:12:29,1,12794,no_evident_not_good_hotel,feel_new,"Task: decide if Proposition B contradicts Assumption A.

Steps:
1. A defends a claim (strip ""no_evident_not_"" / ""have_evident_"" to see it).
2. B states a fact.
3. Does B disprove A's claim? Same specific issue only, not just same topic.

Output pattern (always use this exact shape):
A: <phrase>
B: <phrase>
Answer: Yes/No

Examples:

A: no_evident_not_easy_check-in
B: customer_wait_10_minute_for_greet
Answer: Yes

A: no_evident_not_easy_check-in
B: no_one_give_key_on_late_check-in
Answer: No

A: no_evident_not_great_quality
B: shampoo_seem_cheap_considering_hotel_cost
Answer: Yes

A: no_evident_not_great_quality
B: expensive_hotel
Answer: No

Now answer for this pair. Output ONLY the final line ""Answer: Yes"" or ""Answer: No"" — no other text.

A: no_evident_not_good_hotel
B: feel_new
Answer:
","A: no_evident_not_good_hotel
B: feel_new
Answer: No"
2026-08-16 22:12:29,1,8691,no_evident_not_beautifully_kept_hotel,small_hotel_which_we_like,"Task: decide if Proposition B contradicts Assumption A.

Steps:
1. A defends a claim (strip ""no_evident_not_"" / ""have_evident_"" to see it).
2. B states a fact.
3. Does B disprove A's claim? Same specific issue only, not just same topic.

Output pattern (always use this exact shape):
A: <phrase>
B: <phrase>
Answer: Yes/No

Examples:

A: no_evident_not_easy_check-in
B: customer_wait_10_minute_for_greet
Answer: Yes

A: no_evident_not_easy_check-in
B: no_one_give_key_on_late_check-in
Answer: No

A: no_evident_not_great_quality
B: shampoo_seem_cheap_considering_hotel_cost
Answer: Yes

A: no_evident_not_great_quality
B: expensive_hotel
Answer: No

Now answer for this pair. Output ONLY the final line ""Answer: Yes"" or ""Answer: No"" — no other text.

A: no_evident_not_beautifully_kept_hotel
B: small_hotel_which_we_like
Answer:
","A: no_evident_not_beautifully_kept_hotel
B: small_hotel_which_we_like
Answer: No"
2026-08-16 22:12:29,1,30361,no_evident_not_free_parking_along_street,neat_facility,"Task: decide if Proposition B contradicts Assumption A.

Steps:
1. A defends a claim (strip ""no_evident_not_"" / ""have_evident_"" to see it).
2. B states a fact.
3. Does B disprove A's claim? Same specific issue only, not just same topic.

Output pattern (always use this exact shape):
A: <phrase>
B: <phrase>
Answer: Yes/No

Examples:

A: no_evident_not_easy_check-in
B: customer_wait_10_minute_for_greet
Answer: Yes

A: no_evident_not_easy_check-in
B: no_one_give_key_on_late_check-in
Answer: No

A: no_evident_not_great_quality
B: shampoo_seem_cheap_considering_hotel_cost
Answer: Yes

A: no_evident_not_great_quality
B: expensive_hotel
Answer: No

Now answer for this pair. Output ONLY the final line ""Answer: Yes"" or ""Answer: No"" — no other text.

A: no_evident_not_free_parking_along_street
B: neat_facility
Answer:
","A: no_evident_not_free_parking_along_street
B: neat_facility
Answer: No"
2026-08-16 22:12:30,1,25693,no_evident_not_newly_refurbished_hotel,new_reception,"Task: decide if Proposition B contradicts Assumption A.

Steps:
1. A defends a claim (strip ""no_evident_not_"" / ""have_evident_"" to see it).
2. B states a fact.
3. Does B disprove A's claim? Same specific issue only, not just same topic.

Output pattern (always use this exact shape):
A: <phrase>
B: <phrase>
Answer: Yes/No

Examples:

A: no_evident_not_easy_check-in
B: customer_wait_10_minute_for_greet
Answer: Yes

A: no_evident_not_easy_check-in
B: no_one_give_key_on_late_check-in
Answer: No

A: no_evident_not_great_quality
B: shampoo_seem_cheap_considering_hotel_cost
Answer: Yes

A: no_evident_not_great_quality
B: expensive_hotel
Answer: No

Now answer for this pair. Output ONLY the final line ""Answer: Yes"" or ""Answer: No"" — no other text.

A: no_evident_not_newly_refurbished_hotel
B: new_reception
Answer:
","A: no_evident_not_newly_refurbished_hotel
B: new_reception
Answer: Yes"
2026-08-16 22:12:30,1,25728,no_evident_not_newly_refurbished_hotel,free_parking_in_front_of_hotel,"Task: decide if Proposition B contradicts Assumption A.

Steps:
1. A defends a claim (strip ""no_evident_not_"" / ""have_evident_"" to see it).
2. B states a fact.
3. Does B disprove A's claim? Same specific issue only, not just same topic.

Output pattern (always use this exact shape):
A: <phrase>
B: <phrase>
Answer: Yes/No

Examples:

A: no_evident_not_easy_check-in
B: customer_wait_10_minute_for_greet
Answer: Yes

A: no_evident_not_easy_check-in
B: no_one_give_key_on_late_check-in
Answer: No

A: no_evident_not_great_quality
B: shampoo_seem_cheap_considering_hotel_cost
Answer: Yes

A: no_evident_not_great_quality
B: expensive_hotel
Answer: No

Now answer for this pair. Output ONLY the final line ""Answer: Yes"" or ""Answer: No"" — no other text.

A: no_evident_not_newly_refurbished_hotel
B: free_parking_in_front_of_hotel
Answer:
","A: no_evident_not_newly_refurbished_hotel
B: free_parking_in_front_of_hotel
Answer: No"
2026-08-16 22:12:30,1,14910,no_evident_not_best_hotel,aesthetic_hotel,"Task: decide if Proposition B contradicts Assumption A.

Steps:
1. A defends a claim (strip ""no_evident_not_"" / ""have_evident_"" to see it).
2. B states a fact.
3. Does B disprove A's claim? Same specific issue only, not just same topic.

Output pattern (always use this exact shape):
A: <phrase>
B: <phrase>
Answer: Yes/No

Examples:

A: no_evident_not_easy_check-in
B: customer_wait_10_minute_for_greet
Answer: Yes

A: no_evident_not_easy_check-in
B: no_one_give_key_on_late_check-in
Answer: No

A: no_evident_not_great_quality
B: shampoo_seem_cheap_considering_hotel_cost
Answer: Yes

A: no_evident_not_great_quality
B: expensive_hotel
Answer: No

Now answer for this pair. Output ONLY the final line ""Answer: Yes"" or ""Answer: No"" — no other text.

A: no_evident_not_best_hotel
B: aesthetic_hotel
Answer:
","A: no_evident_not_best_hotel
B: aesthetic_hotel
Answer: No"
2026-08-16 22:12:31,1,9348,no_evident_not_lovely_lobby,free_parking_in_front_of_hotel,"Task: decide if Proposition B contradicts Assumption A.

Steps:
1. A defends a claim (strip ""no_evident_not_"" / ""have_evident_"" to see it).
2. B states a fact.
3. Does B disprove A's claim? Same specific issue only, not just same topic.

Output pattern (always use this exact shape):
A: <phrase>
B: <phrase>
Answer: Yes/No

Examples:

A: no_evident_not_easy_check-in
B: customer_wait_10_minute_for_greet
Answer: Yes

A: no_evident_not_easy_check-in
B: no_one_give_key_on_late_check-in
Answer: No

A: no_evident_not_great_quality
B: shampoo_seem_cheap_considering_hotel_cost
Answer: Yes

A: no_evident_not_great_quality
B: expensive_hotel
Answer: No

Now answer for this pair. Output ONLY the final line ""Answer: Yes"" or ""Answer: No"" — no other text.

A: no_evident_not_lovely_lobby
B: free_parking_in_front_of_hotel
Answer:
",Answer: No
2026-08-16 22:12:31,1,13862,no_evident_not_lovely_family_hotel,comfortable_hotel,"Task: decide if Proposition B contradicts Assumption A.

Steps:
1. A defends a claim (strip ""no_evident_not_"" / ""have_evident_"" to see it).
2. B states a fact.
3. Does B disprove A's claim? Same specific issue only, not just same topic.

Output pattern (always use this exact shape):
A: <phrase>
B: <phrase>
Answer: Yes/No

Examples:

A: no_evident_not_easy_check-in
B: customer_wait_10_minute_for_greet
Answer: Yes

A: no_evident_not_easy_check-in
B: no_one_give_key_on_late_check-in
Answer: No

A: no_evident_not_great_quality
B: shampoo_seem_cheap_considering_hotel_cost
Answer: Yes

A: no_evident_not_great_quality
B: expensive_hotel
Answer: No

Now answer for this pair. Output ONLY the final line ""Answer: Yes"" or ""Answer: No"" — no other text.

A: no_evident_not_lovely_family_hotel
B: comfortable_hotel
Answer:
","A: no_evident_not_lovely_family_hotel
B: comfortable_hotel
Answer: No"
2026-08-16 22:12:31,1,22826,no_evident_not_same_as_photo,have_parking,"Task: decide if Proposition B contradicts Assumption A.

Steps:
1. A defends a claim (strip ""no_evident_not_"" / ""have_evident_"" to see it).
2. B states a fact.
3. Does B disprove A's claim? Same specific issue only, not just same topic.

Output pattern (always use this exact shape):
A: <phrase>
B: <phrase>
Answer: Yes/No

Examples:

A: no_evident_not_easy_check-in
B: customer_wait_10_minute_for_greet
Answer: Yes

A: no_evident_not_easy_check-in
B: no_one_give_key_on_late_check-in
Answer: No

A: no_evident_not_great_quality
B: shampoo_seem_cheap_considering_hotel_cost
Answer: Yes

A: no_evident_not_great_quality
B: expensive_hotel
Answer: No

Now answer for this pair. Output ONLY the final line ""Answer: Yes"" or ""Answer: No"" — no other text.

A: no_evident_not_same_as_photo
B: have_parking
Answer:
",Answer: No
2026-08-16 22:12:31,1,31370,no_evident_not_possible_with_animal,happy_with_service,"Task: decide if Proposition B contradicts Assumption A.

Steps:
1. A defends a claim (strip ""no_evident_not_"" / ""have_evident_"" to see it).
2. B states a fact.
3. Does B disprove A's claim? Same specific issue only, not just same topic.

Output pattern (always use this exact shape):
A: <phrase>
B: <phrase>
Answer: Yes/No

Examples:

A: no_evident_not_easy_check-in
B: customer_wait_10_minute_for_greet
Answer: Yes

A: no_evident_not_easy_check-in
B: no_one_give_key_on_late_check-in
Answer: No

A: no_evident_not_great_quality
B: shampoo_seem_cheap_considering_hotel_cost
Answer: Yes

A: no_evident_not_great_quality
B: expensive_hotel
Answer: No

Now answer for this pair. Output ONLY the final line ""Answer: Yes"" or ""Answer: No"" — no other text.

A: no_evident_not_possible_with_animal
B: happy_with_service
Answer:
",Answer: No
2026-08-16 22:12:31,1,23938,no_evident_not_new_reception,suitable_for_overnight_stay,"Task: decide if Proposition B contradicts Assumption A.

Steps:
1. A defends a claim (strip ""no_evident_not_"" / ""have_evident_"" to see it).
2. B states a fact.
3. Does B disprove A's claim? Same specific issue only, not just same topic.

Output pattern (always use this exact shape):
A: <phrase>
B: <phrase>
Answer: Yes/No

Examples:

A: no_evident_not_easy_check-in
B: customer_wait_10_minute_for_greet
Answer: Yes

A: no_evident_not_easy_check-in
B: no_one_give_key_on_late_check-in
Answer: No

A: no_evident_not_great_quality
B: shampoo_seem_cheap_considering_hotel_cost
Answer: Yes

A: no_evident_not_great_quality
B: expensive_hotel
Answer: No

Now answer for this pair. Output ONLY the final line ""Answer: Yes"" or ""Answer: No"" — no other text.

A: no_evident_not_new_reception
B: suitable_for_overnight_stay
Answer:
","A: no_evident_not_new_reception
B: suitable_for_overnight_stay
Answer: Yes"
2026-08-16 22:12:32,1,25670,no_evident_not_newly_refurbished_hotel,5*_facility,"Task: decide if Proposition B contradicts Assumption A.

Steps:
1. A defends a claim (strip ""no_evident_not_"" / ""have_evident_"" to see it).
2. B states a fact.
3. Does B disprove A's claim? Same specific issue only, not just same topic.

Output pattern (always use this exact shape):
A: <phrase>
B: <phrase>
Answer: Yes/No

Examples:

A: no_evident_not_easy_check-in
B: customer_wait_10_minute_for_greet
Answer: Yes

A: no_evident_not_easy_check-in
B: no_one_give_key_on_late_check-in
Answer: No

A: no_evident_not_great_quality
B: shampoo_seem_cheap_considering_hotel_cost
Answer: Yes

A: no_evident_not_great_quality
B: expensive_hotel
Answer: No

Now answer for this pair. Output ONLY the final line ""Answer: Yes"" or ""Answer: No"" — no other text.

A: no_evident_not_newly_refurbished_hotel
B: 5*_facility
Answer:
","A: no_evident_not_newly_refurbished_hotel
B: 5_year_old_facility
Answer: Yes"
2026-08-16 22:12:32,1,18212,no_evident_not_recently_renovated_interior,wonderful_facility,"Task: decide if Proposition B contradicts Assumption A.

Steps:
1. A defends a claim (strip ""no_evident_not_"" / ""have_evident_"" to see it).
2. B states a fact.
3. Does B disprove A's claim? Same specific issue only, not just same topic.

Output pattern (always use this exact shape):
A: <phrase>
B: <phrase>
Answer: Yes/No

Examples:

A: no_evident_not_easy_check-in
B: customer_wait_10_minute_for_greet
Answer: Yes

A: no_evident_not_easy_check-in
B: no_one_give_key_on_late_check-in
Answer: No

A: no_evident_not_great_quality
B: shampoo_seem_cheap_considering_hotel_cost
Answer: Yes

A: no_evident_not_great_quality
B: expensive_hotel
Answer: No

Now answer for this pair. Output ONLY the final line ""Answer: Yes"" or ""Answer: No"" — no other text.

A: no_evident_not_recently_renovated_interior
B: wonderful_facility
Answer:
","A: no_evident_not_recently_renovated_interior
B: wonderful_facility
Answer: Yes"
2026-08-16 22:12:32,1,21689,no_evident_not_neat_facility,simple_decoration,"Task: decide if Proposition B contradicts Assumption A.

Steps:
1. A defends a claim (strip ""no_evident_not_"" / ""have_evident_"" to see it).
2. B states a fact.
3. Does B disprove A's claim? Same specific issue only, not just same topic.

Output pattern (always use this exact shape):
A: <phrase>
B: <phrase>
Answer: Yes/No

Examples:

A: no_evident_not_easy_check-in
B: customer_wait_10_minute_for_greet
Answer: Yes

A: no_evident_not_easy_check-in
B: no_one_give_key_on_late_check-in
Answer: No

A: no_evident_not_great_quality
B: shampoo_seem_cheap_considering_hotel_cost
Answer: Yes

A: no_evident_not_great_quality
B: expensive_hotel
Answer: No

Now answer for this pair. Output ONLY the final line ""Answer: Yes"" or ""Answer: No"" — no other text.

A: no_evident_not_neat_facility
B: simple_decoration
Answer:
","A: no_evident_not_neat_facility
B: simple_decoration
Answer: No"
2026-08-16 22:12:33,1,23541,no_evident_not_furnished_hotel,able_to_bring_dog,"Task: decide if Proposition B contradicts Assumption A.

Steps:
1. A defends a claim (strip ""no_evident_not_"" / ""have_evident_"" to see it).
2. B states a fact.
3. Does B disprove A's claim? Same specific issue only, not just same topic.

Output pattern (always use this exact shape):
A: <phrase>
B: <phrase>
Answer: Yes/No

Examples:

A: no_evident_not_easy_check-in
B: customer_wait_10_minute_for_greet
Answer: Yes

A: no_evident_not_easy_check-in
B: no_one_give_key_on_late_check-in
Answer: No

A: no_evident_not_great_quality
B: shampoo_seem_cheap_considering_hotel_cost
Answer: Yes

A: no_evident_not_great_quality
B: expensive_hotel
Answer: No

Now answer for this pair. Output ONLY the final line ""Answer: Yes"" or ""Answer: No"" — no other text.

A: no_evident_not_furnished_hotel
B: able_to_bring_dog
Answer:
","A: no_evident_not_furnished_hotel
B: able_to_bring_dog
Answer: No"
2026-08-16 22:12:33,1,15948,no_evident_not_simple_decoration,recently_renovated_hotel,"Task: decide if Proposition B contradicts Assumption A.

Steps:
1. A defends a claim (strip ""no_evident_not_"" / ""have_evident_"" to see it).
2. B states a fact.
3. Does B disprove A's claim? Same specific issue only, not just same topic.

Output pattern (always use this exact shape):
A: <phrase>
B: <phrase>
Answer: Yes/No

Examples:

A: no_evident_not_easy_check-in
B: customer_wait_10_minute_for_greet
Answer: Yes

A: no_evident_not_easy_check-in
B: no_one_give_key_on_late_check-in
Answer: No

A: no_evident_not_great_quality
B: shampoo_seem_cheap_considering_hotel_cost
Answer: Yes

A: no_evident_not_great_quality
B: expensive_hotel
Answer: No

Now answer for this pair. Output ONLY the final line ""Answer: Yes"" or ""Answer: No"" — no other text.

A: no_evident_not_simple_decoration
B: recently_renovated_hotel
Answer:
","A: no_evident_not_simple_decoration
B: recently_renovated_hotel
Answer: No"
2026-08-16 22:12:33,1,5073,no_evident_not_fantastic_hotel,brand_new_facility,"Task: decide if Proposition B contradicts Assumption A.

Steps:
1. A defends a claim (strip ""no_evident_not_"" / ""have_evident_"" to see it).
2. B states a fact.
3. Does B disprove A's claim? Same specific issue only, not just same topic.

Output pattern (always use this exact shape):
A: <phrase>
B: <phrase>
Answer: Yes/No

Examples:

A: no_evident_not_easy_check-in
B: customer_wait_10_minute_for_greet
Answer: Yes

A: no_evident_not_easy_check-in
B: no_one_give_key_on_late_check-in
Answer: No

A: no_evident_not_great_quality
B: shampoo_seem_cheap_considering_hotel_cost
Answer: Yes

A: no_evident_not_great_quality
B: expensive_hotel
Answer: No

Now answer for this pair. Output ONLY the final line ""Answer: Yes"" or ""Answer: No"" — no other text.

A: no_evident_not_fantastic_hotel
B: brand_new_facility
Answer:
","A: no_evident_not_fantastic_hotel
B: brand_new_facility
Answer: No"
2026-08-16 22:12:34,1,6223,no_evident_not_fantastic_service,hotel_received_package_prior_arrival,"Task: decide if Proposition B contradicts Assumption A.

Steps:
1. A defends a claim (strip ""no_evident_not_"" / ""have_evident_"" to see it).
2. B states a fact.
3. Does B disprove A's claim? Same specific issue only, not just same topic.

Output pattern (always use this exact shape):
A: <phrase>
B: <phrase>
Answer: Yes/No

Examples:

A: no_evident_not_easy_check-in
B: customer_wait_10_minute_for_greet
Answer: Yes

A: no_evident_not_easy_check-in
B: no_one_give_key_on_late_check-in
Answer: No

A: no_evident_not_great_quality
B: shampoo_seem_cheap_considering_hotel_cost
Answer: Yes

A: no_evident_not_great_quality
B: expensive_hotel
Answer: No

Now answer for this pair. Output ONLY the final line ""Answer: Yes"" or ""Answer: No"" — no other text.

A: no_evident_not_fantastic_service
B: hotel_received_package_prior_arrival
Answer:
","A: no_evident_not_fantastic_service
B: hotel_received_package_prior_arrival
Answer: Yes"
2026-08-16 22:12:34,1,9723,no_evident_not_brand_new_hotel,family_atmosphere_hotel,"Task: decide if Proposition B contradicts Assumption A.

Steps:
1. A defends a claim (strip ""no_evident_not_"" / ""have_evident_"" to see it).
2. B states a fact.
3. Does B disprove A's claim? Same specific issue only, not just same topic.

Output pattern (always use this exact shape):
A: <phrase>
B: <phrase>
Answer: Yes/No

Examples:

A: no_evident_not_easy_check-in
B: customer_wait_10_minute_for_greet
Answer: Yes

A: no_evident_not_easy_check-in
B: no_one_give_key_on_late_check-in
Answer: No

A: no_evident_not_great_quality
B: shampoo_seem_cheap_considering_hotel_cost
Answer: Yes

A: no_evident_not_great_quality
B: expensive_hotel
Answer: No

Now answer for this pair. Output ONLY the final line ""Answer: Yes"" or ""Answer: No"" — no other text.

A: no_evident_not_brand_new_hotel
B: family_atmosphere_hotel
Answer:
","A: no_evident_not_brand_new_hotel
B: family_atmosphere_hotel
Answer: No"
2026-08-16 22:12:34,1,7134,no_evident_not_great_hotel,front_to_unwind_evening,"Task: decide if Proposition B contradicts Assumption A.

Steps:
1. A defends a claim (strip ""no_evident_not_"" / ""have_evident_"" to see it).
2. B states a fact.
3. Does B disprove A's claim? Same specific issue only, not just same topic.

Output pattern (always use this exact shape):
A: <phrase>
B: <phrase>
Answer: Yes/No

Examples:

A: no_evident_not_easy_check-in
B: customer_wait_10_minute_for_greet
Answer: Yes

A: no_evident_not_easy_check-in
B: no_one_give_key_on_late_check-in
Answer: No

A: no_evident_not_great_quality
B: shampoo_seem_cheap_considering_hotel_cost
Answer: Yes

A: no_evident_not_great_quality
B: expensive_hotel
Answer: No

Now answer for this pair. Output ONLY the final line ""Answer: Yes"" or ""Answer: No"" — no other text.

A: no_evident_not_great_hotel
B: front_to_unwind_evening
Answer:
","A: no_evident_not_great_hotel
B: front_to_unwind_evening
Answer: No"
2026-08-16 22:12:35,1,31743,no_evident_not_all_furniture_new,allow_to_take_dog,"Task: decide if Proposition B contradicts Assumption A.

Steps:
1. A defends a claim (strip ""no_evident_not_"" / ""have_evident_"" to see it).
2. B states a fact.
3. Does B disprove A's claim? Same specific issue only, not just same topic.

Output pattern (always use this exact shape):
A: <phrase>
B: <phrase>
Answer: Yes/No

Examples:

A: no_evident_not_easy_check-in
B: customer_wait_10_minute_for_greet
Answer: Yes

A: no_evident_not_easy_check-in
B: no_one_give_key_on_late_check-in
Answer: No

A: no_evident_not_great_quality
B: shampoo_seem_cheap_considering_hotel_cost
Answer: Yes

A: no_evident_not_great_quality
B: expensive_hotel
Answer: No

Now answer for this pair. Output ONLY the final line ""Answer: Yes"" or ""Answer: No"" — no other text.

A: no_evident_not_all_furniture_new
B: allow_to_take_dog
Answer:
","A: no_evident_not_all_furniture_new
B: allow_to_take_dog
Answer: No"
2026-08-16 22:12:35,1,1917,no_evident_not_lovely_hotel,spotless_hotel,"Task: decide if Proposition B contradicts Assumption A.

Steps:
1. A defends a claim (strip ""no_evident_not_"" / ""have_evident_"" to see it).
2. B states a fact.
3. Does B disprove A's claim? Same specific issue only, not just same topic.

Output pattern (always use this exact shape):
A: <phrase>
B: <phrase>
Answer: Yes/No

Examples:

A: no_evident_not_easy_check-in
B: customer_wait_10_minute_for_greet
Answer: Yes

A: no_evident_not_easy_check-in
B: no_one_give_key_on_late_check-in
Answer: No

A: no_evident_not_great_quality
B: shampoo_seem_cheap_considering_hotel_cost
Answer: Yes

A: no_evident_not_great_quality
B: expensive_hotel
Answer: No

Now answer for this pair. Output ONLY the final line ""Answer: Yes"" or ""Answer: No"" — no other text.

A: no_evident_not_lovely_hotel
B: spotless_hotel
Answer:
","A: no_evident_not_lovely_hotel
B: spotless_hotel
Answer: No"
2026-08-16 22:12:35,1,18979,no_evident_not_brand_new_furniture,nice_small_hotel,"Task: decide if Proposition B contradicts Assumption A.

Steps:
1. A defends a claim (strip ""no_evident_not_"" / ""have_evident_"" to see it).
2. B states a fact.
3. Does B disprove A's claim? Same specific issue only, not just same topic.

Output pattern (always use this exact shape):
A: <phrase>
B: <phrase>
Answer: Yes/No

Examples:

A: no_evident_not_easy_check-in
B: customer_wait_10_minute_for_greet
Answer: Yes

A: no_evident_not_easy_check-in
B: no_one_give_key_on_late_check-in
Answer: No

A: no_evident_not_great_quality
B: shampoo_seem_cheap_considering_hotel_cost
Answer: Yes

A: no_evident_not_great_quality
B: expensive_hotel
Answer: No

Now answer for this pair. Output ONLY the final line ""Answer: Yes"" or ""Answer: No"" — no other text.

A: no_evident_not_brand_new_furniture
B: nice_small_hotel
Answer:
","A: no_evident_not_brand_new_furniture
B: nice_small_hotel
Answer: No"
2026-08-16 22:12:35,1,24109,no_evident_not_clean_reception,free_parking_along_street,"Task: decide if Proposition B contradicts Assumption A.

Steps:
1. A defends a claim (strip ""no_evident_not_"" / ""have_evident_"" to see it).
2. B states a fact.
3. Does B disprove A's claim? Same specific issue only, not just same topic.

Output pattern (always use this exact shape):
A: <phrase>
B: <phrase>
Answer: Yes/No

Examples:

A: no_evident_not_easy_check-in
B: customer_wait_10_minute_for_greet
Answer: Yes

A: no_evident_not_easy_check-in
B: no_one_give_key_on_late_check-in
Answer: No

A: no_evident_not_great_quality
B: shampoo_seem_cheap_considering_hotel_cost
Answer: Yes

A: no_evident_not_great_quality
B: expensive_hotel
Answer: No

Now answer for this pair. Output ONLY the final line ""Answer: Yes"" or ""Answer: No"" — no other text.

A: no_evident_not_clean_reception
B: free_parking_along_street
Answer:
",Answer: No
2026-08-16 22:12:36,1,17767,no_evident_not_5_star_hotel,same_as_photo,"Task: decide if Proposition B contradicts Assumption A.

Steps:
1. A defends a claim (strip ""no_evident_not_"" / ""have_evident_"" to see it).
2. B states a fact.
3. Does B disprove A's claim? Same specific issue only, not just same topic.

Output pattern (always use this exact shape):
A: <phrase>
B: <phrase>
Answer: Yes/No

Examples:

A: no_evident_not_easy_check-in
B: customer_wait_10_minute_for_greet
Answer: Yes

A: no_evident_not_easy_check-in
B: no_one_give_key_on_late_check-in
Answer: No

A: no_evident_not_great_quality
B: shampoo_seem_cheap_considering_hotel_cost
Answer: Yes

A: no_evident_not_great_quality
B: expensive_hotel
Answer: No

Now answer for this pair. Output ONLY the final line ""Answer: Yes"" or ""Answer: No"" — no other text.

A: no_evident_not_5_star_hotel
B: same_as_photo
Answer:
","A: no_evident_not_5_star_hotel
B: same_as_photo
Answer: No"
2026-08-16 22:12:36,1,1998,no_evident_not_peaceful_facility,has_plenty_of_chair,"Task: decide if Proposition B contradicts Assumption A.

Steps:
1. A defends a claim (strip ""no_evident_not_"" / ""have_evident_"" to see it).
2. B states a fact.
3. Does B disprove A's claim? Same specific issue only, not just same topic.

Output pattern (always use this exact shape):
A: <phrase>
B: <phrase>
Answer: Yes/No

Examples:

A: no_evident_not_easy_check-in
B: customer_wait_10_minute_for_greet
Answer: Yes

A: no_evident_not_easy_check-in
B: no_one_give_key_on_late_check-in
Answer: No

A: no_evident_not_great_quality
B: shampoo_seem_cheap_considering_hotel_cost
Answer: Yes

A: no_evident_not_great_quality
B: expensive_hotel
Answer: No

Now answer for this pair. Output ONLY the final line ""Answer: Yes"" or ""Answer: No"" — no other text.

A: no_evident_not_peaceful_facility
B: has_plenty_of_chair
Answer:
","A: no_evident_not_peaceful_facility
B: has_plenty_of_chair
Answer: No"
2026-08-16 22:12:36,1,24510,no_evident_not_small_hotel,everything_new,"Task: decide if Proposition B contradicts Assumption A.

Steps:
1. A defends a claim (strip ""no_evident_not_"" / ""have_evident_"" to see it).
2. B states a fact.
3. Does B disprove A's claim? Same specific issue only, not just same topic.

Output pattern (always use this exact shape):
A: <phrase>
B: <phrase>
Answer: Yes/No

Examples:

A: no_evident_not_easy_check-in
B: customer_wait_10_minute_for_greet
Answer: Yes

A: no_evident_not_easy_check-in
B: no_one_give_key_on_late_check-in
Answer: No

A: no_evident_not_great_quality
B: shampoo_seem_cheap_considering_hotel_cost
Answer: Yes

A: no_evident_not_great_quality
B: expensive_hotel
Answer: No

Now answer for this pair. Output ONLY the final line ""Answer: Yes"" or ""Answer: No"" — no other text.

A: no_evident_not_small_hotel
B: everything_new
Answer:
","A: no_evident_not_small_hotel
B: everything_new
Answer: No"
2026-08-16 22:12:37,1,10277,no_evident_not_everything_cozy,everywhere_spotless_clean,"Task: decide if Proposition B contradicts Assumption A.

Steps:
1. A defends a claim (strip ""no_evident_not_"" / ""have_evident_"" to see it).
2. B states a fact.
3. Does B disprove A's claim? Same specific issue only, not just same topic.

Output pattern (always use this exact shape):
A: <phrase>
B: <phrase>
Answer: Yes/No

Examples:

A: no_evident_not_easy_check-in
B: customer_wait_10_minute_for_greet
Answer: Yes

A: no_evident_not_easy_check-in
B: no_one_give_key_on_late_check-in
Answer: No

A: no_evident_not_great_quality
B: shampoo_seem_cheap_considering_hotel_cost
Answer: Yes

A: no_evident_not_great_quality
B: expensive_hotel
Answer: No

Now answer for this pair. Output ONLY the final line ""Answer: Yes"" or ""Answer: No"" — no other text.

A: no_evident_not_everything_cozy
B: everywhere_spotless_clean
Answer:
","A: no_evident_not_everything_cozy
B: everywhere_spotless_clean
Answer: No"
2026-08-16 22:12:37,1,1874,no_evident_not_lovely_hotel,pet_friendly_hotel,"Task: decide if Proposition B contradicts Assumption A.

Steps:
1. A defends a claim (strip ""no_evident_not_"" / ""have_evident_"" to see it).
2. B states a fact.
3. Does B disprove A's claim? Same specific issue only, not just same topic.

Output pattern (always use this exact shape):
A: <phrase>
B: <phrase>
Answer: Yes/No

Examples:

A: no_evident_not_easy_check-in
B: customer_wait_10_minute_for_greet
Answer: Yes

A: no_evident_not_easy_check-in
B: no_one_give_key_on_late_check-in
Answer: No

A: no_evident_not_great_quality
B: shampoo_seem_cheap_considering_hotel_cost
Answer: Yes

A: no_evident_not_great_quality
B: expensive_hotel
Answer: No

Now answer for this pair. Output ONLY the final line ""Answer: Yes"" or ""Answer: No"" — no other text.

A: no_evident_not_lovely_hotel
B: pet_friendly_hotel
Answer:
","A: no_evident_not_lovely_hotel
B: pet_friendly_hotel
Answer: No"
2026-08-16 22:12:37,1,1644,no_evident_not_welcoming_entrance,recently_refurbished_hotel,"Task: decide if Proposition B contradicts Assumption A.

Steps:
1. A defends a claim (strip ""no_evident_not_"" / ""have_evident_"" to see it).
2. B states a fact.
3. Does B disprove A's claim? Same specific issue only, not just same topic.

Output pattern (always use this exact shape):
A: <phrase>
B: <phrase>
Answer: Yes/No

Examples:

A: no_evident_not_easy_check-in
B: customer_wait_10_minute_for_greet
Answer: Yes

A: no_evident_not_easy_check-in
B: no_one_give_key_on_late_check-in
Answer: No

A: no_evident_not_great_quality
B: shampoo_seem_cheap_considering_hotel_cost
Answer: Yes

A: no_evident_not_great_quality
B: expensive_hotel
Answer: No

Now answer for this pair. Output ONLY the final line ""Answer: Yes"" or ""Answer: No"" — no other text.

A: no_evident_not_welcoming_entrance
B: recently_refurbished_hotel
Answer:
","A: no_evident_not_welcoming_entrance
B: recently_refurbished_hotel
Answer: No"
2026-08-16 22:12:38,1,19143,no_evident_not_affordable_hotel,allow_to_take_dog,"Task: decide if Proposition B contradicts Assumption A.

Steps:
1. A defends a claim (strip ""no_evident_not_"" / ""have_evident_"" to see it).
2. B states a fact.
3. Does B disprove A's claim? Same specific issue only, not just same topic.

Output pattern (always use this exact shape):
A: <phrase>
B: <phrase>
Answer: Yes/No

Examples:

A: no_evident_not_easy_check-in
B: customer_wait_10_minute_for_greet
Answer: Yes

A: no_evident_not_easy_check-in
B: no_one_give_key_on_late_check-in
Answer: No

A: no_evident_not_great_quality
B: shampoo_seem_cheap_considering_hotel_cost
Answer: Yes

A: no_evident_not_great_quality
B: expensive_hotel
Answer: No

Now answer for this pair. Output ONLY the final line ""Answer: Yes"" or ""Answer: No"" — no other text.

A: no_evident_not_affordable_hotel
B: allow_to_take_dog
Answer:
","A: no_evident_not_affordable_hotel
B: allow_to_take_dog
Answer: No"
2026-08-16 22:12:38,1,15624,no_evident_not_excellent_inside,tidy_hotel,"Task: decide if Proposition B contradicts Assumption A.

Steps:
1. A defends a claim (strip ""no_evident_not_"" / ""have_evident_"" to see it).
2. B states a fact.
3. Does B disprove A's claim? Same specific issue only, not just same topic.

Output pattern (always use this exact shape):
A: <phrase>
B: <phrase>
Answer: Yes/No

Examples:

A: no_evident_not_easy_check-in
B: customer_wait_10_minute_for_greet
Answer: Yes

A: no_evident_not_easy_check-in
B: no_one_give_key_on_late_check-in
Answer: No

A: no_evident_not_great_quality
B: shampoo_seem_cheap_considering_hotel_cost
Answer: Yes

A: no_evident_not_great_quality
B: expensive_hotel
Answer: No

Now answer for this pair. Output ONLY the final line ""Answer: Yes"" or ""Answer: No"" — no other text.

A: no_evident_not_excellent_inside
B: tidy_hotel
Answer:
","A: no_evident_not_excellent_inside
B: tidy_hotel
Answer: No"
2026-08-16 22:12:38,1,16478,no_evident_not_nice_atmosphere,easy_hotel,"Task: decide if Proposition B contradicts Assumption A.

Steps:
1. A defends a claim (strip ""no_evident_not_"" / ""have_evident_"" to see it).
2. B states a fact.
3. Does B disprove A's claim? Same specific issue only, not just same topic.

Output pattern (always use this exact shape):
A: <phrase>
B: <phrase>
Answer: Yes/No

Examples:

A: no_evident_not_easy_check-in
B: customer_wait_10_minute_for_greet
Answer: Yes

A: no_evident_not_easy_check-in
B: no_one_give_key_on_late_check-in
Answer: No

A: no_evident_not_great_quality
B: shampoo_seem_cheap_considering_hotel_cost
Answer: Yes

A: no_evident_not_great_quality
B: expensive_hotel
Answer: No

Now answer for this pair. Output ONLY the final line ""Answer: Yes"" or ""Answer: No"" — no other text.

A: no_evident_not_nice_atmosphere
B: easy_hotel
Answer:
","A: no_evident_not_nice_atmosphere
B: easy_hotel
Answer: No"
2026-08-16 22:12:38,1,30127,no_evident_not_free_parking_in_front_of_hotel,everything_great,"Task: decide if Proposition B contradicts Assumption A.

Steps:
1. A defends a claim (strip ""no_evident_not_"" / ""have_evident_"" to see it).
2. B states a fact.
3. Does B disprove A's claim? Same specific issue only, not just same topic.

Output pattern (always use this exact shape):
A: <phrase>
B: <phrase>
Answer: Yes/No

Examples:

A: no_evident_not_easy_check-in
B: customer_wait_10_minute_for_greet
Answer: Yes

A: no_evident_not_easy_check-in
B: no_one_give_key_on_late_check-in
Answer: No

A: no_evident_not_great_quality
B: shampoo_seem_cheap_considering_hotel_cost
Answer: Yes

A: no_evident_not_great_quality
B: expensive_hotel
Answer: No

Now answer for this pair. Output ONLY the final line ""Answer: Yes"" or ""Answer: No"" — no other text.

A: no_evident_not_free_parking_in_front_of_hotel
B: everything_great
Answer:
",Answer: No
2026-08-16 22:12:39,1,27942,no_evident_not_family_hotel,contemporary_hotel,"Task: decide if Proposition B contradicts Assumption A.

Steps:
1. A defends a claim (strip ""no_evident_not_"" / ""have_evident_"" to see it).
2. B states a fact.
3. Does B disprove A's claim? Same specific issue only, not just same topic.

Output pattern (always use this exact shape):
A: <phrase>
B: <phrase>
Answer: Yes/No

Examples:

A: no_evident_not_easy_check-in
B: customer_wait_10_minute_for_greet
Answer: Yes

A: no_evident_not_easy_check-in
B: no_one_give_key_on_late_check-in
Answer: No

A: no_evident_not_great_quality
B: shampoo_seem_cheap_considering_hotel_cost
Answer: Yes

A: no_evident_not_great_quality
B: expensive_hotel
Answer: No

Now answer for this pair. Output ONLY the final line ""Answer: Yes"" or ""Answer: No"" — no other text.

A: no_evident_not_family_hotel
B: contemporary_hotel
Answer:
","A: no_evident_not_family_hotel
B: contemporary_hotel
Answer: No"
2026-08-16 22:12:39,1,17404,no_evident_not_well_situated_hotel,friendly_hotel,"Task: decide if Proposition B contradicts Assumption A.

Steps:
1. A defends a claim (strip ""no_evident_not_"" / ""have_evident_"" to see it).
2. B states a fact.
3. Does B disprove A's claim? Same specific issue only, not just same topic.

Output pattern (always use this exact shape):
A: <phrase>
B: <phrase>
Answer: Yes/No

Examples:

A: no_evident_not_easy_check-in
B: customer_wait_10_minute_for_greet
Answer: Yes

A: no_evident_not_easy_check-in
B: no_one_give_key_on_late_check-in
Answer: No

A: no_evident_not_great_quality
B: shampoo_seem_cheap_considering_hotel_cost
Answer: Yes

A: no_evident_not_great_quality
B: expensive_hotel
Answer: No

Now answer for this pair. Output ONLY the final line ""Answer: Yes"" or ""Answer: No"" — no other text.

A: no_evident_not_well_situated_hotel
B: friendly_hotel
Answer:
","A: no_evident_not_well_situated_hotel
B: friendly_hotel
Answer: No"
2026-08-16 22:12:39,1,5159,no_evident_not_fantastic_hotel,airy_hotel,"Task: decide if Proposition B contradicts Assumption A.

Steps:
1. A defends a claim (strip ""no_evident_not_"" / ""have_evident_"" to see it).
2. B states a fact.
3. Does B disprove A's claim? Same specific issue only, not just same topic.

Output pattern (always use this exact shape):
A: <phrase>
B: <phrase>
Answer: Yes/No

Examples:

A: no_evident_not_easy_check-in
B: customer_wait_10_minute_for_greet
Answer: Yes

A: no_evident_not_easy_check-in
B: no_one_give_key_on_late_check-in
Answer: No

A: no_evident_not_great_quality
B: shampoo_seem_cheap_considering_hotel_cost
Answer: Yes

A: no_evident_not_great_quality
B: expensive_hotel
Answer: No

Now answer for this pair. Output ONLY the final line ""Answer: Yes"" or ""Answer: No"" — no other text.

A: no_evident_not_fantastic_hotel
B: airy_hotel
Answer:
","A: no_evident_not_fantastic_hotel
B: airy_hotel
Answer: No"
2026-08-16 22:12:40,1,1864,no_evident_not_lovely_hotel,boutique_hotel,"Task: decide if Proposition B contradicts Assumption A.

Steps:
1. A defends a claim (strip ""no_evident_not_"" / ""have_evident_"" to see it).
2. B states a fact.
3. Does B disprove A's claim? Same specific issue only, not just same topic.

Output pattern (always use this exact shape):
A: <phrase>
B: <phrase>
Answer: Yes/No

Examples:

A: no_evident_not_easy_check-in
B: customer_wait_10_minute_for_greet
Answer: Yes

A: no_evident_not_easy_check-in
B: no_one_give_key_on_late_check-in
Answer: No

A: no_evident_not_great_quality
B: shampoo_seem_cheap_considering_hotel_cost
Answer: Yes

A: no_evident_not_great_quality
B: expensive_hotel
Answer: No

Now answer for this pair. Output ONLY the final line ""Answer: Yes"" or ""Answer: No"" — no other text.

A: no_evident_not_lovely_hotel
B: boutique_hotel
Answer:
","A: no_evident_not_lovely_hotel
B: boutique_hotel
Answer: No"
2026-08-16 22:12:40,1,31483,no_evident_not_possible_with_animal,comfortable_hall,"Task: decide if Proposition B contradicts Assumption A.

Steps:
1. A defends a claim (strip ""no_evident_not_"" / ""have_evident_"" to see it).
2. B states a fact.
3. Does B disprove A's claim? Same specific issue only, not just same topic.

Output pattern (always use this exact shape):
A: <phrase>
B: <phrase>
Answer: Yes/No

Examples:

A: no_evident_not_easy_check-in
B: customer_wait_10_minute_for_greet
Answer: Yes

A: no_evident_not_easy_check-in
B: no_one_give_key_on_late_check-in
Answer: No

A: no_evident_not_great_quality
B: shampoo_seem_cheap_considering_hotel_cost
Answer: Yes

A: no_evident_not_great_quality
B: expensive_hotel
Answer: No

Now answer for this pair. Output ONLY the final line ""Answer: Yes"" or ""Answer: No"" — no other text.

A: no_evident_not_possible_with_animal
B: comfortable_hall
Answer:
","A: no_evident_not_possible_with_animal
B: animal_can_be_comfortable
Answer: Yes"
2026-08-16 22:12:40,1,16641,no_evident_not_just_renovated_hotel,excellent_hotel,"Task: decide if Proposition B contradicts Assumption A.

Steps:
1. A defends a claim (strip ""no_evident_not_"" / ""have_evident_"" to see it).
2. B states a fact.
3. Does B disprove A's claim? Same specific issue only, not just same topic.

Output pattern (always use this exact shape):
A: <phrase>
B: <phrase>
Answer: Yes/No

Examples:

A: no_evident_not_easy_check-in
B: customer_wait_10_minute_for_greet
Answer: Yes

A: no_evident_not_easy_check-in
B: no_one_give_key_on_late_check-in
Answer: No

A: no_evident_not_great_quality
B: shampoo_seem_cheap_considering_hotel_cost
Answer: Yes

A: no_evident_not_great_quality
B: expensive_hotel
Answer: No

Now answer for this pair. Output ONLY the final line ""Answer: Yes"" or ""Answer: No"" — no other text.

A: no_evident_not_just_renovated_hotel
B: excellent_hotel
Answer:
","A: no_evident_not_just_renovated_hotel
B: excellent_hotel
Answer: No"
2026-08-16 22:12:41,1,2626,no_evident_not_everything_clean,brand_new_furniture,"Task: decide if Proposition B contradicts Assumption A.

Steps:
1. A defends a claim (strip ""no_evident_not_"" / ""have_evident_"" to see it).
2. B states a fact.
3. Does B disprove A's claim? Same specific issue only, not just same topic.

Output pattern (always use this exact shape):
A: <phrase>
B: <phrase>
Answer: Yes/No

Examples:

A: no_evident_not_easy_check-in
B: customer_wait_10_minute_for_greet
Answer: Yes

A: no_evident_not_easy_check-in
B: no_one_give_key_on_late_check-in
Answer: No

A: no_evident_not_great_quality
B: shampoo_seem_cheap_considering_hotel_cost
Answer: Yes

A: no_evident_not_great_quality
B: expensive_hotel
Answer: No

Now answer for this pair. Output ONLY the final line ""Answer: Yes"" or ""Answer: No"" — no other text.

A: no_evident_not_everything_clean
B: brand_new_furniture
Answer:
","A: no_evident_not_everything_clean
B: brand_new_furniture
Answer: No"
2026-08-16 22:12:41,1,27897,no_evident_not_brilliant_hotel,all_furniture_new,"Task: decide if Proposition B contradicts Assumption A.

Steps:
1. A defends a claim (strip ""no_evident_not_"" / ""have_evident_"" to see it).
2. B states a fact.
3. Does B disprove A's claim? Same specific issue only, not just same topic.

Output pattern (always use this exact shape):
A: <phrase>
B: <phrase>
Answer: Yes/No

Examples:

A: no_evident_not_easy_check-in
B: customer_wait_10_minute_for_greet
Answer: Yes

A: no_evident_not_easy_check-in
B: no_one_give_key_on_late_check-in
Answer: No

A: no_evident_not_great_quality
B: shampoo_seem_cheap_considering_hotel_cost
Answer: Yes

A: no_evident_not_great_quality
B: expensive_hotel
Answer: No

Now answer for this pair. Output ONLY the final line ""Answer: Yes"" or ""Answer: No"" — no other text.

A: no_evident_not_brilliant_hotel
B: all_furniture_new
Answer:
","A: no_evident_not_brilliant_hotel
B: all_furniture_new
Answer: No"
2026-08-16 22:12:41,1,6090,no_evident_not_full_equiped,aesthetic_hotel,"Task: decide if Proposition B contradicts Assumption A.

Steps:
1. A defends a claim (strip ""no_evident_not_"" / ""have_evident_"" to see it).
2. B states a fact.
3. Does B disprove A's claim? Same specific issue only, not just same topic.

Output pattern (always use this exact shape):
A: <phrase>
B: <phrase>
Answer: Yes/No

Examples:

A: no_evident_not_easy_check-in
B: customer_wait_10_minute_for_greet
Answer: Yes

A: no_evident_not_easy_check-in
B: no_one_give_key_on_late_check-in
Answer: No

A: no_evident_not_great_quality
B: shampoo_seem_cheap_considering_hotel_cost
Answer: Yes

A: no_evident_not_great_quality
B: expensive_hotel
Answer: No

Now answer for this pair. Output ONLY the final line ""Answer: Yes"" or ""Answer: No"" — no other text.

A: no_evident_not_full_equiped
B: aesthetic_hotel
Answer:
","A: no_evident_not_full_equiped
B: aesthetic_hotel
Answer: No"
2026-08-16 22:12:42,1,2246,no_evident_not_clean_hotel,family_run_hotel,"Task: decide if Proposition B contradicts Assumption A.

Steps:
1. A defends a claim (strip ""no_evident_not_"" / ""have_evident_"" to see it).
2. B states a fact.
3. Does B disprove A's claim? Same specific issue only, not just same topic.

Output pattern (always use this exact shape):
A: <phrase>
B: <phrase>
Answer: Yes/No

Examples:

A: no_evident_not_easy_check-in
B: customer_wait_10_minute_for_greet
Answer: Yes

A: no_evident_not_easy_check-in
B: no_one_give_key_on_late_check-in
Answer: No

A: no_evident_not_great_quality
B: shampoo_seem_cheap_considering_hotel_cost
Answer: Yes

A: no_evident_not_great_quality
B: expensive_hotel
Answer: No

Now answer for this pair. Output ONLY the final line ""Answer: Yes"" or ""Answer: No"" — no other text.

A: no_evident_not_clean_hotel
B: family_run_hotel
Answer:
","A: no_evident_not_clean_hotel
B: family_run_hotel
Answer: Yes"
2026-08-16 22:12:42,1,19499,no_evident_not_amazing_place,basic_hotel,"Task: decide if Proposition B contradicts Assumption A.

Steps:
1. A defends a claim (strip ""no_evident_not_"" / ""have_evident_"" to see it).
2. B states a fact.
3. Does B disprove A's claim? Same specific issue only, not just same topic.

Output pattern (always use this exact shape):
A: <phrase>
B: <phrase>
Answer: Yes/No

Examples:

A: no_evident_not_easy_check-in
B: customer_wait_10_minute_for_greet
Answer: Yes

A: no_evident_not_easy_check-in
B: no_one_give_key_on_late_check-in
Answer: No

A: no_evident_not_great_quality
B: shampoo_seem_cheap_considering_hotel_cost
Answer: Yes

A: no_evident_not_great_quality
B: expensive_hotel
Answer: No

Now answer for this pair. Output ONLY the final line ""Answer: Yes"" or ""Answer: No"" — no other text.

A: no_evident_not_amazing_place
B: basic_hotel
Answer:
","A: no_evident_not_amazing_place
B: basic_hotel
Answer: Yes"
2026-08-16 22:12:42,1,2227,no_evident_not_clean_hotel,everything_great,"Task: decide if Proposition B contradicts Assumption A.

Steps:
1. A defends a claim (strip ""no_evident_not_"" / ""have_evident_"" to see it).
2. B states a fact.
3. Does B disprove A's claim? Same specific issue only, not just same topic.

Output pattern (always use this exact shape):
A: <phrase>
B: <phrase>
Answer: Yes/No

Examples:

A: no_evident_not_easy_check-in
B: customer_wait_10_minute_for_greet
Answer: Yes

A: no_evident_not_easy_check-in
B: no_one_give_key_on_late_check-in
Answer: No

A: no_evident_not_great_quality
B: shampoo_seem_cheap_considering_hotel_cost
Answer: Yes

A: no_evident_not_great_quality
B: expensive_hotel
Answer: No

Now answer for this pair. Output ONLY the final line ""Answer: Yes"" or ""Answer: No"" — no other text.

A: no_evident_not_clean_hotel
B: everything_great
Answer:
","A: no_evident_not_clean_hotel
B: everything_great
Answer: No"
2026-08-16 22:12:42,1,22126,no_evident_not_feel_like_home_hotel,has_parking_in_hotel_area,"Task: decide if Proposition B contradicts Assumption A.

Steps:
1. A defends a claim (strip ""no_evident_not_"" / ""have_evident_"" to see it).
2. B states a fact.
3. Does B disprove A's claim? Same specific issue only, not just same topic.

Output pattern (always use this exact shape):
A: <phrase>
B: <phrase>
Answer: Yes/No

Examples:

A: no_evident_not_easy_check-in
B: customer_wait_10_minute_for_greet
Answer: Yes

A: no_evident_not_easy_check-in
B: no_one_give_key_on_late_check-in
Answer: No

A: no_evident_not_great_quality
B: shampoo_seem_cheap_considering_hotel_cost
Answer: Yes

A: no_evident_not_great_quality
B: expensive_hotel
Answer: No

Now answer for this pair. Output ONLY the final line ""Answer: Yes"" or ""Answer: No"" — no other text.

A: no_evident_not_feel_like_home_hotel
B: has_parking_in_hotel_area
Answer:
",Answer: No
2026-08-16 22:12:43,1,28241,no_evident_not_welcoming_environment,comfortable_street_terrace,"Task: decide if Proposition B contradicts Assumption A.

Steps:
1. A defends a claim (strip ""no_evident_not_"" / ""have_evident_"" to see it).
2. B states a fact.
3. Does B disprove A's claim? Same specific issue only, not just same topic.

Output pattern (always use this exact shape):
A: <phrase>
B: <phrase>
Answer: Yes/No

Examples:

A: no_evident_not_easy_check-in
B: customer_wait_10_minute_for_greet
Answer: Yes

A: no_evident_not_easy_check-in
B: no_one_give_key_on_late_check-in
Answer: No

A: no_evident_not_great_quality
B: shampoo_seem_cheap_considering_hotel_cost
Answer: Yes

A: no_evident_not_great_quality
B: expensive_hotel
Answer: No

Now answer for this pair. Output ONLY the final line ""Answer: Yes"" or ""Answer: No"" — no other text.

A: no_evident_not_welcoming_environment
B: comfortable_street_terrace
Answer:
","A: no_evident_not_welcoming_environment
B: comfortable_street_terrace
Answer: No"
2026-08-16 22:12:43,1,7708,no_evident_not_beautiful_hotel,neat_hotel,"Task: decide if Proposition B contradicts Assumption A.

Steps:
1. A defends a claim (strip ""no_evident_not_"" / ""have_evident_"" to see it).
2. B states a fact.
3. Does B disprove A's claim? Same specific issue only, not just same topic.

Output pattern (always use this exact shape):
A: <phrase>
B: <phrase>
Answer: Yes/No

Examples:

A: no_evident_not_easy_check-in
B: customer_wait_10_minute_for_greet
Answer: Yes

A: no_evident_not_easy_check-in
B: no_one_give_key_on_late_check-in
Answer: No

A: no_evident_not_great_quality
B: shampoo_seem_cheap_considering_hotel_cost
Answer: Yes

A: no_evident_not_great_quality
B: expensive_hotel
Answer: No

Now answer for this pair. Output ONLY the final line ""Answer: Yes"" or ""Answer: No"" — no other text.

A: no_evident_not_beautiful_hotel
B: neat_hotel
Answer:
","A: no_evident_not_beautiful_hotel
B: neat_hotel
Answer: No"
2026-08-16 22:12:43,1,13231,no_evident_not_pet_friendly_hotel,contemporary_decoration,"Task: decide if Proposition B contradicts Assumption A.

Steps:
1. A defends a claim (strip ""no_evident_not_"" / ""have_evident_"" to see it).
2. B states a fact.
3. Does B disprove A's claim? Same specific issue only, not just same topic.

Output pattern (always use this exact shape):
A: <phrase>
B: <phrase>
Answer: Yes/No

Examples:

A: no_evident_not_easy_check-in
B: customer_wait_10_minute_for_greet
Answer: Yes

A: no_evident_not_easy_check-in
B: no_one_give_key_on_late_check-in
Answer: No

A: no_evident_not_great_quality
B: shampoo_seem_cheap_considering_hotel_cost
Answer: Yes

A: no_evident_not_great_quality
B: expensive_hotel
Answer: No

Now answer for this pair. Output ONLY the final line ""Answer: Yes"" or ""Answer: No"" — no other text.

A: no_evident_not_pet_friendly_hotel
B: contemporary_decoration
Answer:
",Answer: No
2026-08-16 22:12:43,1,3929,no_evident_not_modern_hotel,stunning_hotel,"Task: decide if Proposition B contradicts Assumption A.

Steps:
1. A defends a claim (strip ""no_evident_not_"" / ""have_evident_"" to see it).
2. B states a fact.
3. Does B disprove A's claim? Same specific issue only, not just same topic.

Output pattern (always use this exact shape):
A: <phrase>
B: <phrase>
Answer: Yes/No

Examples:

A: no_evident_not_easy_check-in
B: customer_wait_10_minute_for_greet
Answer: Yes

A: no_evident_not_easy_check-in
B: no_one_give_key_on_late_check-in
Answer: No

A: no_evident_not_great_quality
B: shampoo_seem_cheap_considering_hotel_cost
Answer: Yes

A: no_evident_not_great_quality
B: expensive_hotel
Answer: No

Now answer for this pair. Output ONLY the final line ""Answer: Yes"" or ""Answer: No"" — no other text.

A: no_evident_not_modern_hotel
B: stunning_hotel
Answer:
",Answer: No
2026-08-16 22:12:43,1,30855,no_evident_not_surprise_with_swimming_pool,no_extra_charge_for_dog,"Task: decide if Proposition B contradicts Assumption A.

Steps:
1. A defends a claim (strip ""no_evident_not_"" / ""have_evident_"" to see it).
2. B states a fact.
3. Does B disprove A's claim? Same specific issue only, not just same topic.

Output pattern (always use this exact shape):
A: <phrase>
B: <phrase>
Answer: Yes/No

Examples:

A: no_evident_not_easy_check-in
B: customer_wait_10_minute_for_greet
Answer: Yes

A: no_evident_not_easy_check-in
B: no_one_give_key_on_late_check-in
Answer: No

A: no_evident_not_great_quality
B: shampoo_seem_cheap_considering_hotel_cost
Answer: Yes

A: no_evident_not_great_quality
B: expensive_hotel
Answer: No

Now answer for this pair. Output ONLY the final line ""Answer: Yes"" or ""Answer: No"" — no other text.

A: no_evident_not_surprise_with_swimming_pool
B: no_extra_charge_for_dog
Answer:
","A: no_evident_not_surprise_with_swimming_pool
B: no_extra_charge_for_dog
Answer: Yes"
2026-08-16 22:12:44,1,29173,no_evident_not_comfortable_hall,clean_hotel,"Task: decide if Proposition B contradicts Assumption A.

Steps:
1. A defends a claim (strip ""no_evident_not_"" / ""have_evident_"" to see it).
2. B states a fact.
3. Does B disprove A's claim? Same specific issue only, not just same topic.

Output pattern (always use this exact shape):
A: <phrase>
B: <phrase>
Answer: Yes/No

Examples:

A: no_evident_not_easy_check-in
B: customer_wait_10_minute_for_greet
Answer: Yes

A: no_evident_not_easy_check-in
B: no_one_give_key_on_late_check-in
Answer: No

A: no_evident_not_great_quality
B: shampoo_seem_cheap_considering_hotel_cost
Answer: Yes

A: no_evident_not_great_quality
B: expensive_hotel
Answer: No

Now answer for this pair. Output ONLY the final line ""Answer: Yes"" or ""Answer: No"" — no other text.

A: no_evident_not_comfortable_hall
B: clean_hotel
Answer:
","A: no_evident_not_comfortable_hall
B: clean_hotel
Answer: No"
2026-08-16 22:12:44,1,18668,no_evident_not_clean_facility,many_free_parking_space_available_on_early_November,"Task: decide if Proposition B contradicts Assumption A.

Steps:
1. A defends a claim (strip ""no_evident_not_"" / ""have_evident_"" to see it).
2. B states a fact.
3. Does B disprove A's claim? Same specific issue only, not just same topic.

Output pattern (always use this exact shape):
A: <phrase>
B: <phrase>
Answer: Yes/No

Examples:

A: no_evident_not_easy_check-in
B: customer_wait_10_minute_for_greet
Answer: Yes

A: no_evident_not_easy_check-in
B: no_one_give_key_on_late_check-in
Answer: No

A: no_evident_not_great_quality
B: shampoo_seem_cheap_considering_hotel_cost
Answer: Yes

A: no_evident_not_great_quality
B: expensive_hotel
Answer: No

Now answer for this pair. Output ONLY the final line ""Answer: Yes"" or ""Answer: No"" — no other text.

A: no_evident_not_clean_facility
B: many_free_parking_space_available_on_early_November
Answer:
",Answer: No
2026-08-16 22:12:44,1,8068,no_evident_not_offered_food,neat_hotel,"Task: decide if Proposition B contradicts Assumption A.

Steps:
1. A defends a claim (strip ""no_evident_not_"" / ""have_evident_"" to see it).
2. B states a fact.
3. Does B disprove A's claim? Same specific issue only, not just same topic.

Output pattern (always use this exact shape):
A: <phrase>
B: <phrase>
Answer: Yes/No

Examples:

A: no_evident_not_easy_check-in
B: customer_wait_10_minute_for_greet
Answer: Yes

A: no_evident_not_easy_check-in
B: no_one_give_key_on_late_check-in
Answer: No

A: no_evident_not_great_quality
B: shampoo_seem_cheap_considering_hotel_cost
Answer: Yes

A: no_evident_not_great_quality
B: expensive_hotel
Answer: No

Now answer for this pair. Output ONLY the final line ""Answer: Yes"" or ""Answer: No"" — no other text.

A: no_evident_not_offered_food
B: neat_hotel
Answer:
","A: no_evident_not_offered_food
B: no_food_given_to_guest
Answer: Yes"
2026-08-16 22:12:44,1,18971,no_evident_not_brand_new_furniture,nice_ambiance_hotel,"Task: decide if Proposition B contradicts Assumption A.

Steps:
1. A defends a claim (strip ""no_evident_not_"" / ""have_evident_"" to see it).
2. B states a fact.
3. Does B disprove A's claim? Same specific issue only, not just same topic.

Output pattern (always use this exact shape):
A: <phrase>
B: <phrase>
Answer: Yes/No

Examples:

A: no_evident_not_easy_check-in
B: customer_wait_10_minute_for_greet
Answer: Yes

A: no_evident_not_easy_check-in
B: no_one_give_key_on_late_check-in
Answer: No

A: no_evident_not_great_quality
B: shampoo_seem_cheap_considering_hotel_cost
Answer: Yes

A: no_evident_not_great_quality
B: expensive_hotel
Answer: No

Now answer for this pair. Output ONLY the final line ""Answer: Yes"" or ""Answer: No"" — no other text.

A: no_evident_not_brand_new_furniture
B: nice_ambiance_hotel
Answer:
","A: no_evident_not_brand_new_furniture
B: nice_ambiance_hotel
Answer: No"
2026-08-16 22:12:45,1,19482,no_evident_not_amazing_place,contemporary_hotel,"Task: decide if Proposition B contradicts Assumption A.

Steps:
1. A defends a claim (strip ""no_evident_not_"" / ""have_evident_"" to see it).
2. B states a fact.
3. Does B disprove A's claim? Same specific issue only, not just same topic.

Output pattern (always use this exact shape):
A: <phrase>
B: <phrase>
Answer: Yes/No

Examples:

A: no_evident_not_easy_check-in
B: customer_wait_10_minute_for_greet
Answer: Yes

A: no_evident_not_easy_check-in
B: no_one_give_key_on_late_check-in
Answer: No

A: no_evident_not_great_quality
B: shampoo_seem_cheap_considering_hotel_cost
Answer: Yes

A: no_evident_not_great_quality
B: expensive_hotel
Answer: No

Now answer for this pair. Output ONLY the final line ""Answer: Yes"" or ""Answer: No"" — no other text.

A: no_evident_not_amazing_place
B: contemporary_hotel
Answer:
","A: no_evident_not_amazing_place
B: contemporary_hotel
Answer: No"
2026-08-16 22:12:45,1,1303,no_evident_not_high_standard_renovated,beautiful_hotel,"Task: decide if Proposition B contradicts Assumption A.

Steps:
1. A defends a claim (strip ""no_evident_not_"" / ""have_evident_"" to see it).
2. B states a fact.
3. Does B disprove A's claim? Same specific issue only, not just same topic.

Output pattern (always use this exact shape):
A: <phrase>
B: <phrase>
Answer: Yes/No

Examples:

A: no_evident_not_easy_check-in
B: customer_wait_10_minute_for_greet
Answer: Yes

A: no_evident_not_easy_check-in
B: no_one_give_key_on_late_check-in
Answer: No

A: no_evident_not_great_quality
B: shampoo_seem_cheap_considering_hotel_cost
Answer: Yes

A: no_evident_not_great_quality
B: expensive_hotel
Answer: No

Now answer for this pair. Output ONLY the final line ""Answer: Yes"" or ""Answer: No"" — no other text.

A: no_evident_not_high_standard_renovated
B: beautiful_hotel
Answer:
","A: no_evident_not_high_standard_renovated
B: beautiful_hotel
Answer: No"
2026-08-16 22:12:45,1,20296,no_evident_not_nice_front_of_hotel,good_quality_hotel,"Task: decide if Proposition B contradicts Assumption A.

Steps:
1. A defends a claim (strip ""no_evident_not_"" / ""have_evident_"" to see it).
2. B states a fact.
3. Does B disprove A's claim? Same specific issue only, not just same topic.

Output pattern (always use this exact shape):
A: <phrase>
B: <phrase>
Answer: Yes/No

Examples:

A: no_evident_not_easy_check-in
B: customer_wait_10_minute_for_greet
Answer: Yes

A: no_evident_not_easy_check-in
B: no_one_give_key_on_late_check-in
Answer: No

A: no_evident_not_great_quality
B: shampoo_seem_cheap_considering_hotel_cost
Answer: Yes

A: no_evident_not_great_quality
B: expensive_hotel
Answer: No

Now answer for this pair. Output ONLY the final line ""Answer: Yes"" or ""Answer: No"" — no other text.

A: no_evident_not_nice_front_of_hotel
B: good_quality_hotel
Answer:
","A: no_evident_not_nice_front_of_hotel
B: good_quality_hotel
Answer: No"
2026-08-16 22:12:46,1,2687,no_evident_not_everything_clean,can_request_for_transfer_from_airport,"Task: decide if Proposition B contradicts Assumption A.

Steps:
1. A defends a claim (strip ""no_evident_not_"" / ""have_evident_"" to see it).
2. B states a fact.
3. Does B disprove A's claim? Same specific issue only, not just same topic.

Output pattern (always use this exact shape):
A: <phrase>
B: <phrase>
Answer: Yes/No

Examples:

A: no_evident_not_easy_check-in
B: customer_wait_10_minute_for_greet
Answer: Yes

A: no_evident_not_easy_check-in
B: no_one_give_key_on_late_check-in
Answer: No

A: no_evident_not_great_quality
B: shampoo_seem_cheap_considering_hotel_cost
Answer: Yes

A: no_evident_not_great_quality
B: expensive_hotel
Answer: No

Now answer for this pair. Output ONLY the final line ""Answer: Yes"" or ""Answer: No"" — no other text.

A: no_evident_not_everything_clean
B: can_request_for_transfer_from_airport
Answer:
","A: no_evident_not_everything_clean
B: can_request_for_transfer_from_airport
Answer: No"
2026-08-16 22:12:46,1,13738,no_evident_not_good_wifi,everything_cozy,"Task: decide if Proposition B contradicts Assumption A.

Steps:
1. A defends a claim (strip ""no_evident_not_"" / ""have_evident_"" to see it).
2. B states a fact.
3. Does B disprove A's claim? Same specific issue only, not just same topic.

Output pattern (always use this exact shape):
A: <phrase>
B: <phrase>
Answer: Yes/No

Examples:

A: no_evident_not_easy_check-in
B: customer_wait_10_minute_for_greet
Answer: Yes

A: no_evident_not_easy_check-in
B: no_one_give_key_on_late_check-in
Answer: No

A: no_evident_not_great_quality
B: shampoo_seem_cheap_considering_hotel_cost
Answer: Yes

A: no_evident_not_great_quality
B: expensive_hotel
Answer: No

Now answer for this pair. Output ONLY the final line ""Answer: Yes"" or ""Answer: No"" — no other text.

A: no_evident_not_good_wifi
B: everything_cozy
Answer:
","A: no_evident_not_good_wifi
B: everything_cozy
Answer: No"
2026-08-16 22:12:46,1,21541,no_evident_not_light_hotel,neat_facility,"Task: decide if Proposition B contradicts Assumption A.

Steps:
1. A defends a claim (strip ""no_evident_not_"" / ""have_evident_"" to see it).
2. B states a fact.
3. Does B disprove A's claim? Same specific issue only, not just same topic.

Output pattern (always use this exact shape):
A: <phrase>
B: <phrase>
Answer: Yes/No

Examples:

A: no_evident_not_easy_check-in
B: customer_wait_10_minute_for_greet
Answer: Yes

A: no_evident_not_easy_check-in
B: no_one_give_key_on_late_check-in
Answer: No

A: no_evident_not_great_quality
B: shampoo_seem_cheap_considering_hotel_cost
Answer: Yes

A: no_evident_not_great_quality
B: expensive_hotel
Answer: No

Now answer for this pair. Output ONLY the final line ""Answer: Yes"" or ""Answer: No"" — no other text.

A: no_evident_not_light_hotel
B: neat_facility
Answer:
","A: no_evident_not_light_hotel
B: neat_facility
Answer: No"
2026-08-16 22:12:46,1,19126,no_evident_not_affordable_hotel,offered_drink,"Task: decide if Proposition B contradicts Assumption A.

Steps:
1. A defends a claim (strip ""no_evident_not_"" / ""have_evident_"" to see it).
2. B states a fact.
3. Does B disprove A's claim? Same specific issue only, not just same topic.

Output pattern (always use this exact shape):
A: <phrase>
B: <phrase>
Answer: Yes/No

Examples:

A: no_evident_not_easy_check-in
B: customer_wait_10_minute_for_greet
Answer: Yes

A: no_evident_not_easy_check-in
B: no_one_give_key_on_late_check-in
Answer: No

A: no_evident_not_great_quality
B: shampoo_seem_cheap_considering_hotel_cost
Answer: Yes

A: no_evident_not_great_quality
B: expensive_hotel
Answer: No

Now answer for this pair. Output ONLY the final line ""Answer: Yes"" or ""Answer: No"" — no other text.

A: no_evident_not_affordable_hotel
B: offered_drink
Answer:
",Answer: No
2026-08-16 22:12:47,1,18522,no_evident_not_hotel_received_package_prior_arrival,clean_hall,"Task: decide if Proposition B contradicts Assumption A.

Steps:
1. A defends a claim (strip ""no_evident_not_"" / ""have_evident_"" to see it).
2. B states a fact.
3. Does B disprove A's claim? Same specific issue only, not just same topic.

Output pattern (always use this exact shape):
A: <phrase>
B: <phrase>
Answer: Yes/No

Examples:

A: no_evident_not_easy_check-in
B: customer_wait_10_minute_for_greet
Answer: Yes

A: no_evident_not_easy_check-in
B: no_one_give_key_on_late_check-in
Answer: No

A: no_evident_not_great_quality
B: shampoo_seem_cheap_considering_hotel_cost
Answer: Yes

A: no_evident_not_great_quality
B: expensive_hotel
Answer: No

Now answer for this pair. Output ONLY the final line ""Answer: Yes"" or ""Answer: No"" — no other text.

A: no_evident_not_hotel_received_package_prior_arrival
B: clean_hall
Answer:
","A: no_evident_not_hotel_received_package_prior_arrival
B: clean_hall
Answer: No"
2026-08-16 22:12:47,1,17131,no_evident_not_look_like_almost_new_hotel,everything_beautiful,"Task: decide if Proposition B contradicts Assumption A.

Steps:
1. A defends a claim (strip ""no_evident_not_"" / ""have_evident_"" to see it).
2. B states a fact.
3. Does B disprove A's claim? Same specific issue only, not just same topic.

Output pattern (always use this exact shape):
A: <phrase>
B: <phrase>
Answer: Yes/No

Examples:

A: no_evident_not_easy_check-in
B: customer_wait_10_minute_for_greet
Answer: Yes

A: no_evident_not_easy_check-in
B: no_one_give_key_on_late_check-in
Answer: No

A: no_evident_not_great_quality
B: shampoo_seem_cheap_considering_hotel_cost
Answer: Yes

A: no_evident_not_great_quality
B: expensive_hotel
Answer: No

Now answer for this pair. Output ONLY the final line ""Answer: Yes"" or ""Answer: No"" — no other text.

A: no_evident_not_look_like_almost_new_hotel
B: everything_beautiful
Answer:
","A: no_evident_not_look_like_almost_new_hotel
B: everything_beautiful
Answer: No"
2026-08-16 22:12:47,1,10367,no_evident_not_everything_cozy,affordable_hotel,"Task: decide if Proposition B contradicts Assumption A.

Steps:
1. A defends a claim (strip ""no_evident_not_"" / ""have_evident_"" to see it).
2. B states a fact.
3. Does B disprove A's claim? Same specific issue only, not just same topic.

Output pattern (always use this exact shape):
A: <phrase>
B: <phrase>
Answer: Yes/No

Examples:

A: no_evident_not_easy_check-in
B: customer_wait_10_minute_for_greet
Answer: Yes

A: no_evident_not_easy_check-in
B: no_one_give_key_on_late_check-in
Answer: No

A: no_evident_not_great_quality
B: shampoo_seem_cheap_considering_hotel_cost
Answer: Yes

A: no_evident_not_great_quality
B: expensive_hotel
Answer: No

Now answer for this pair. Output ONLY the final line ""Answer: Yes"" or ""Answer: No"" — no other text.

A: no_evident_not_everything_cozy
B: affordable_hotel
Answer:
","A: no_evident_not_everything_cozy
B: affordable_hotel
Answer: Yes"
2026-08-16 22:12:47,1,30629,no_evident_not_stylish_hotel,fantastic_hotel,"Task: decide if Proposition B contradicts Assumption A.

Steps:
1. A defends a claim (strip ""no_evident_not_"" / ""have_evident_"" to see it).
2. B states a fact.
3. Does B disprove A's claim? Same specific issue only, not just same topic.

Output pattern (always use this exact shape):
A: <phrase>
B: <phrase>
Answer: Yes/No

Examples:

A: no_evident_not_easy_check-in
B: customer_wait_10_minute_for_greet
Answer: Yes

A: no_evident_not_easy_check-in
B: no_one_give_key_on_late_check-in
Answer: No

A: no_evident_not_great_quality
B: shampoo_seem_cheap_considering_hotel_cost
Answer: Yes

A: no_evident_not_great_quality
B: expensive_hotel
Answer: No

Now answer for this pair. Output ONLY the final line ""Answer: Yes"" or ""Answer: No"" — no other text.

A: no_evident_not_stylish_hotel
B: fantastic_hotel
Answer:
",Answer: No
2026-08-16 22:12:48,1,8545,no_evident_not_fresh_hotel,comfortable_atmosphere,"Task: decide if Proposition B contradicts Assumption A.

Steps:
1. A defends a claim (strip ""no_evident_not_"" / ""have_evident_"" to see it).
2. B states a fact.
3. Does B disprove A's claim? Same specific issue only, not just same topic.

Output pattern (always use this exact shape):
A: <phrase>
B: <phrase>
Answer: Yes/No

Examples:

A: no_evident_not_easy_check-in
B: customer_wait_10_minute_for_greet
Answer: Yes

A: no_evident_not_easy_check-in
B: no_one_give_key_on_late_check-in
Answer: No

A: no_evident_not_great_quality
B: shampoo_seem_cheap_considering_hotel_cost
Answer: Yes

A: no_evident_not_great_quality
B: expensive_hotel
Answer: No

Now answer for this pair. Output ONLY the final line ""Answer: Yes"" or ""Answer: No"" — no other text.

A: no_evident_not_fresh_hotel
B: comfortable_atmosphere
Answer:
","A: no_evident_not_fresh_hotel
B: comfortable_atmosphere
Answer: No"
2026-08-16 22:12:48,1,6694,no_evident_not_well_run,full_equiped,"Task: decide if Proposition B contradicts Assumption A.

Steps:
1. A defends a claim (strip ""no_evident_not_"" / ""have_evident_"" to see it).
2. B states a fact.
3. Does B disprove A's claim? Same specific issue only, not just same topic.

Output pattern (always use this exact shape):
A: <phrase>
B: <phrase>
Answer: Yes/No

Examples:

A: no_evident_not_easy_check-in
B: customer_wait_10_minute_for_greet
Answer: Yes

A: no_evident_not_easy_check-in
B: no_one_give_key_on_late_check-in
Answer: No

A: no_evident_not_great_quality
B: shampoo_seem_cheap_considering_hotel_cost
Answer: Yes

A: no_evident_not_great_quality
B: expensive_hotel
Answer: No

Now answer for this pair. Output ONLY the final line ""Answer: Yes"" or ""Answer: No"" — no other text.

A: no_evident_not_well_run
B: full_equiped
Answer:
","A: no_evident_not_well_run
B: full_equiped
Answer: No"
2026-08-16 22:12:48,1,21946,no_evident_not_take_COVID_prevention_measure,has_parking_in_hotel_area,"Task: decide if Proposition B contradicts Assumption A.

Steps:
1. A defends a claim (strip ""no_evident_not_"" / ""have_evident_"" to see it).
2. B states a fact.
3. Does B disprove A's claim? Same specific issue only, not just same topic.

Output pattern (always use this exact shape):
A: <phrase>
B: <phrase>
Answer: Yes/No

Examples:

A: no_evident_not_easy_check-in
B: customer_wait_10_minute_for_greet
Answer: Yes

A: no_evident_not_easy_check-in
B: no_one_give_key_on_late_check-in
Answer: No

A: no_evident_not_great_quality
B: shampoo_seem_cheap_considering_hotel_cost
Answer: Yes

A: no_evident_not_great_quality
B: expensive_hotel
Answer: No

Now answer for this pair. Output ONLY the final line ""Answer: Yes"" or ""Answer: No"" — no other text.

A: no_evident_not_take_COVID_prevention_measure
B: has_parking_in_hotel_area
Answer:
",Answer: No
2026-08-16 22:12:48,1,23469,no_evident_not_furnished_hotel,feel_like_home_atmosphere,"Task: decide if Proposition B contradicts Assumption A.

Steps:
1. A defends a claim (strip ""no_evident_not_"" / ""have_evident_"" to see it).
2. B states a fact.
3. Does B disprove A's claim? Same specific issue only, not just same topic.

Output pattern (always use this exact shape):
A: <phrase>
B: <phrase>
Answer: Yes/No

Examples:

A: no_evident_not_easy_check-in
B: customer_wait_10_minute_for_greet
Answer: Yes

A: no_evident_not_easy_check-in
B: no_one_give_key_on_late_check-in
Answer: No

A: no_evident_not_great_quality
B: shampoo_seem_cheap_considering_hotel_cost
Answer: Yes

A: no_evident_not_great_quality
B: expensive_hotel
Answer: No

Now answer for this pair. Output ONLY the final line ""Answer: Yes"" or ""Answer: No"" — no other text.

A: no_evident_not_furnished_hotel
B: feel_like_home_atmosphere
Answer:
","A: no_evident_not_furnished_hotel
B: feel_like_home_atmosphere
Answer: No"
2026-08-16 22:12:49,1,10296,no_evident_not_everything_cozy,perfect_hotel,"Task: decide if Proposition B contradicts Assumption A.

Steps:
1. A defends a claim (strip ""no_evident_not_"" / ""have_evident_"" to see it).
2. B states a fact.
3. Does B disprove A's claim? Same specific issue only, not just same topic.

Output pattern (always use this exact shape):
A: <phrase>
B: <phrase>
Answer: Yes/No

Examples:

A: no_evident_not_easy_check-in
B: customer_wait_10_minute_for_greet
Answer: Yes

A: no_evident_not_easy_check-in
B: no_one_give_key_on_late_check-in
Answer: No

A: no_evident_not_great_quality
B: shampoo_seem_cheap_considering_hotel_cost
Answer: Yes

A: no_evident_not_great_quality
B: expensive_hotel
Answer: No

Now answer for this pair. Output ONLY the final line ""Answer: Yes"" or ""Answer: No"" — no other text.

A: no_evident_not_everything_cozy
B: perfect_hotel
Answer:
","A: no_evident_not_everything_cozy
B: perfect_hotel
Answer: Yes"
2026-08-16 22:12:49,1,7822,no_evident_not_new_facility,spotlessly_clean,"Task: decide if Proposition B contradicts Assumption A.

Steps:
1. A defends a claim (strip ""no_evident_not_"" / ""have_evident_"" to see it).
2. B states a fact.
3. Does B disprove A's claim? Same specific issue only, not just same topic.

Output pattern (always use this exact shape):
A: <phrase>
B: <phrase>
Answer: Yes/No

Examples:

A: no_evident_not_easy_check-in
B: customer_wait_10_minute_for_greet
Answer: Yes

A: no_evident_not_easy_check-in
B: no_one_give_key_on_late_check-in
Answer: No

A: no_evident_not_great_quality
B: shampoo_seem_cheap_considering_hotel_cost
Answer: Yes

A: no_evident_not_great_quality
B: expensive_hotel
Answer: No

Now answer for this pair. Output ONLY the final line ""Answer: Yes"" or ""Answer: No"" — no other text.

A: no_evident_not_new_facility
B: spotlessly_clean
Answer:
","A: no_evident_not_new_facility
B: spotlessly_clean
Answer: No"
2026-08-16 22:12:49,1,8704,no_evident_not_beautifully_kept_hotel,boutique_hotel,"Task: decide if Proposition B contradicts Assumption A.

Steps:
1. A defends a claim (strip ""no_evident_not_"" / ""have_evident_"" to see it).
2. B states a fact.
3. Does B disprove A's claim? Same specific issue only, not just same topic.

Output pattern (always use this exact shape):
A: <phrase>
B: <phrase>
Answer: Yes/No

Examples:

A: no_evident_not_easy_check-in
B: customer_wait_10_minute_for_greet
Answer: Yes

A: no_evident_not_easy_check-in
B: no_one_give_key_on_late_check-in
Answer: No

A: no_evident_not_great_quality
B: shampoo_seem_cheap_considering_hotel_cost
Answer: Yes

A: no_evident_not_great_quality
B: expensive_hotel
Answer: No

Now answer for this pair. Output ONLY the final line ""Answer: Yes"" or ""Answer: No"" — no other text.

A: no_evident_not_beautifully_kept_hotel
B: boutique_hotel
Answer:
","A: no_evident_not_beautifully_kept_hotel
B: boutique_hotel
Answer: Yes"
2026-08-16 22:12:50,1,12970,no_evident_not_feel_welcome_from_arrival_moment,welcoming_entrance,"Task: decide if Proposition B contradicts Assumption A.

Steps:
1. A defends a claim (strip ""no_evident_not_"" / ""have_evident_"" to see it).
2. B states a fact.
3. Does B disprove A's claim? Same specific issue only, not just same topic.

Output pattern (always use this exact shape):
A: <phrase>
B: <phrase>
Answer: Yes/No

Examples:

A: no_evident_not_easy_check-in
B: customer_wait_10_minute_for_greet
Answer: Yes

A: no_evident_not_easy_check-in
B: no_one_give_key_on_late_check-in
Answer: No

A: no_evident_not_great_quality
B: shampoo_seem_cheap_considering_hotel_cost
Answer: Yes

A: no_evident_not_great_quality
B: expensive_hotel
Answer: No

Now answer for this pair. Output ONLY the final line ""Answer: Yes"" or ""Answer: No"" — no other text.

A: no_evident_not_feel_welcome_from_arrival_moment
B: welcoming_entrance
Answer:
","A: no_evident_not_feel_welcome_from_arrival_moment
B: welcoming_entrance
Answer: No"
2026-08-16 22:12:50,1,4289,no_evident_not_recently_refurbished_hotel,stunning_hotel,"Task: decide if Proposition B contradicts Assumption A.

Steps:
1. A defends a claim (strip ""no_evident_not_"" / ""have_evident_"" to see it).
2. B states a fact.
3. Does B disprove A's claim? Same specific issue only, not just same topic.

Output pattern (always use this exact shape):
A: <phrase>
B: <phrase>
Answer: Yes/No

Examples:

A: no_evident_not_easy_check-in
B: customer_wait_10_minute_for_greet
Answer: Yes

A: no_evident_not_easy_check-in
B: no_one_give_key_on_late_check-in
Answer: No

A: no_evident_not_great_quality
B: shampoo_seem_cheap_considering_hotel_cost
Answer: Yes

A: no_evident_not_great_quality
B: expensive_hotel
Answer: No

Now answer for this pair. Output ONLY the final line ""Answer: Yes"" or ""Answer: No"" — no other text.

A: no_evident_not_recently_refurbished_hotel
B: stunning_hotel
Answer:
","A: no_evident_not_recently_refurbished_hotel
B: stunning_hotel
Answer: Yes"
2026-08-16 22:12:50,1,21152,no_evident_not_free_parking,nice_atmosphere,"Task: decide if Proposition B contradicts Assumption A.

Steps:
1. A defends a claim (strip ""no_evident_not_"" / ""have_evident_"" to see it).
2. B states a fact.
3. Does B disprove A's claim? Same specific issue only, not just same topic.

Output pattern (always use this exact shape):
A: <phrase>
B: <phrase>
Answer: Yes/No

Examples:

A: no_evident_not_easy_check-in
B: customer_wait_10_minute_for_greet
Answer: Yes

A: no_evident_not_easy_check-in
B: no_one_give_key_on_late_check-in
Answer: No

A: no_evident_not_great_quality
B: shampoo_seem_cheap_considering_hotel_cost
Answer: Yes

A: no_evident_not_great_quality
B: expensive_hotel
Answer: No

Now answer for this pair. Output ONLY the final line ""Answer: Yes"" or ""Answer: No"" — no other text.

A: no_evident_not_free_parking
B: nice_atmosphere
Answer:
",Answer: No
2026-08-16 22:12:50,1,9831,no_evident_not_brand_new_hotel,wonderful_hotel,"Task: decide if Proposition B contradicts Assumption A.

Steps:
1. A defends a claim (strip ""no_evident_not_"" / ""have_evident_"" to see it).
2. B states a fact.
3. Does B disprove A's claim? Same specific issue only, not just same topic.

Output pattern (always use this exact shape):
A: <phrase>
B: <phrase>
Answer: Yes/No

Examples:

A: no_evident_not_easy_check-in
B: customer_wait_10_minute_for_greet
Answer: Yes

A: no_evident_not_easy_check-in
B: no_one_give_key_on_late_check-in
Answer: No

A: no_evident_not_great_quality
B: shampoo_seem_cheap_considering_hotel_cost
Answer: Yes

A: no_evident_not_great_quality
B: expensive_hotel
Answer: No

Now answer for this pair. Output ONLY the final line ""Answer: Yes"" or ""Answer: No"" — no other text.

A: no_evident_not_brand_new_hotel
B: wonderful_hotel
Answer:
","A: no_evident_not_brand_new_hotel
B: wonderful_hotel
Answer: No"
2026-08-16 22:12:50,1,14983,no_evident_not_friendly_atmosphere,beautiful_hotel,"Task: decide if Proposition B contradicts Assumption A.

Steps:
1. A defends a claim (strip ""no_evident_not_"" / ""have_evident_"" to see it).
2. B states a fact.
3. Does B disprove A's claim? Same specific issue only, not just same topic.

Output pattern (always use this exact shape):
A: <phrase>
B: <phrase>
Answer: Yes/No

Examples:

A: no_evident_not_easy_check-in
B: customer_wait_10_minute_for_greet
Answer: Yes

A: no_evident_not_easy_check-in
B: no_one_give_key_on_late_check-in
Answer: No

A: no_evident_not_great_quality
B: shampoo_seem_cheap_considering_hotel_cost
Answer: Yes

A: no_evident_not_great_quality
B: expensive_hotel
Answer: No

Now answer for this pair. Output ONLY the final line ""Answer: Yes"" or ""Answer: No"" — no other text.

A: no_evident_not_friendly_atmosphere
B: beautiful_hotel
Answer:
",Answer: No
2026-08-16 22:12:51,1,10361,no_evident_not_everything_cozy,clear_interior,"Task: decide if Proposition B contradicts Assumption A.

Steps:
1. A defends a claim (strip ""no_evident_not_"" / ""have_evident_"" to see it).
2. B states a fact.
3. Does B disprove A's claim? Same specific issue only, not just same topic.

Output pattern (always use this exact shape):
A: <phrase>
B: <phrase>
Answer: Yes/No

Examples:

A: no_evident_not_easy_check-in
B: customer_wait_10_minute_for_greet
Answer: Yes

A: no_evident_not_easy_check-in
B: no_one_give_key_on_late_check-in
Answer: No

A: no_evident_not_great_quality
B: shampoo_seem_cheap_considering_hotel_cost
Answer: Yes

A: no_evident_not_great_quality
B: expensive_hotel
Answer: No

Now answer for this pair. Output ONLY the final line ""Answer: Yes"" or ""Answer: No"" — no other text.

A: no_evident_not_everything_cozy
B: clear_interior
Answer:
","A: no_evident_not_everything_cozy
B: clear_interior
Answer: No"
2026-08-16 22:12:51,1,30443,no_evident_not_well_kept_hotel,refurbished_hotel,"Task: decide if Proposition B contradicts Assumption A.

Steps:
1. A defends a claim (strip ""no_evident_not_"" / ""have_evident_"" to see it).
2. B states a fact.
3. Does B disprove A's claim? Same specific issue only, not just same topic.

Output pattern (always use this exact shape):
A: <phrase>
B: <phrase>
Answer: Yes/No

Examples:

A: no_evident_not_easy_check-in
B: customer_wait_10_minute_for_greet
Answer: Yes

A: no_evident_not_easy_check-in
B: no_one_give_key_on_late_check-in
Answer: No

A: no_evident_not_great_quality
B: shampoo_seem_cheap_considering_hotel_cost
Answer: Yes

A: no_evident_not_great_quality
B: expensive_hotel
Answer: No

Now answer for this pair. Output ONLY the final line ""Answer: Yes"" or ""Answer: No"" — no other text.

A: no_evident_not_well_kept_hotel
B: refurbished_hotel
Answer:
","A: no_evident_not_well_kept_hotel
B: refurbished_hotel
Answer: Yes"
2026-08-16 22:12:51,1,24638,no_evident_not_small_hotel,has_place_to_park_car,"Task: decide if Proposition B contradicts Assumption A.

Steps:
1. A defends a claim (strip ""no_evident_not_"" / ""have_evident_"" to see it).
2. B states a fact.
3. Does B disprove A's claim? Same specific issue only, not just same topic.

Output pattern (always use this exact shape):
A: <phrase>
B: <phrase>
Answer: Yes/No

Examples:

A: no_evident_not_easy_check-in
B: customer_wait_10_minute_for_greet
Answer: Yes

A: no_evident_not_easy_check-in
B: no_one_give_key_on_late_check-in
Answer: No

A: no_evident_not_great_quality
B: shampoo_seem_cheap_considering_hotel_cost
Answer: Yes

A: no_evident_not_great_quality
B: expensive_hotel
Answer: No

Now answer for this pair. Output ONLY the final line ""Answer: Yes"" or ""Answer: No"" — no other text.

A: no_evident_not_small_hotel
B: has_place_to_park_car
Answer:
","A: no_evident_not_small_hotel
B: has_place_to_park_car
Answer: No"
2026-08-16 22:12:52,1,30663,no_evident_not_stylish_hotel,allow_to_take_dog,"Task: decide if Proposition B contradicts Assumption A.

Steps:
1. A defends a claim (strip ""no_evident_not_"" / ""have_evident_"" to see it).
2. B states a fact.
3. Does B disprove A's claim? Same specific issue only, not just same topic.

Output pattern (always use this exact shape):
A: <phrase>
B: <phrase>
Answer: Yes/No

Examples:

A: no_evident_not_easy_check-in
B: customer_wait_10_minute_for_greet
Answer: Yes

A: no_evident_not_easy_check-in
B: no_one_give_key_on_late_check-in
Answer: No

A: no_evident_not_great_quality
B: shampoo_seem_cheap_considering_hotel_cost
Answer: Yes

A: no_evident_not_great_quality
B: expensive_hotel
Answer: No

Now answer for this pair. Output ONLY the final line ""Answer: Yes"" or ""Answer: No"" — no other text.

A: no_evident_not_stylish_hotel
B: allow_to_take_dog
Answer:
","A: no_evident_not_stylish_hotel
B: allow_to_take_dog
Answer: No"
2026-08-16 22:12:52,1,2378,no_evident_not_feel_new,well_run,"Task: decide if Proposition B contradicts Assumption A.

Steps:
1. A defends a claim (strip ""no_evident_not_"" / ""have_evident_"" to see it).
2. B states a fact.
3. Does B disprove A's claim? Same specific issue only, not just same topic.

Output pattern (always use this exact shape):
A: <phrase>
B: <phrase>
Answer: Yes/No

Examples:

A: no_evident_not_easy_check-in
B: customer_wait_10_minute_for_greet
Answer: Yes

A: no_evident_not_easy_check-in
B: no_one_give_key_on_late_check-in
Answer: No

A: no_evident_not_great_quality
B: shampoo_seem_cheap_considering_hotel_cost
Answer: Yes

A: no_evident_not_great_quality
B: expensive_hotel
Answer: No

Now answer for this pair. Output ONLY the final line ""Answer: Yes"" or ""Answer: No"" — no other text.

A: no_evident_not_feel_new
B: well_run
Answer:
","A: no_evident_not_feel_new
B: well_run
Answer: No"
2026-08-16 22:12:52,1,306,no_evident_not_comfortable_hotel,pleasant_hotel,"Task: decide if Proposition B contradicts Assumption A.

Steps:
1. A defends a claim (strip ""no_evident_not_"" / ""have_evident_"" to see it).
2. B states a fact.
3. Does B disprove A's claim? Same specific issue only, not just same topic.

Output pattern (always use this exact shape):
A: <phrase>
B: <phrase>
Answer: Yes/No

Examples:

A: no_evident_not_easy_check-in
B: customer_wait_10_minute_for_greet
Answer: Yes

A: no_evident_not_easy_check-in
B: no_one_give_key_on_late_check-in
Answer: No

A: no_evident_not_great_quality
B: shampoo_seem_cheap_considering_hotel_cost
Answer: Yes

A: no_evident_not_great_quality
B: expensive_hotel
Answer: No

Now answer for this pair. Output ONLY the final line ""Answer: Yes"" or ""Answer: No"" — no other text.

A: no_evident_not_comfortable_hotel
B: pleasant_hotel
Answer:
",Answer: No
2026-08-16 22:12:52,1,15018,no_evident_not_friendly_atmosphere,lovely_family_hotel,"Task: decide if Proposition B contradicts Assumption A.

Steps:
1. A defends a claim (strip ""no_evident_not_"" / ""have_evident_"" to see it).
2. B states a fact.
3. Does B disprove A's claim? Same specific issue only, not just same topic.

Output pattern (always use this exact shape):
A: <phrase>
B: <phrase>
Answer: Yes/No

Examples:

A: no_evident_not_easy_check-in
B: customer_wait_10_minute_for_greet
Answer: Yes

A: no_evident_not_easy_check-in
B: no_one_give_key_on_late_check-in
Answer: No

A: no_evident_not_great_quality
B: shampoo_seem_cheap_considering_hotel_cost
Answer: Yes

A: no_evident_not_great_quality
B: expensive_hotel
Answer: No

Now answer for this pair. Output ONLY the final line ""Answer: Yes"" or ""Answer: No"" — no other text.

A: no_evident_not_friendly_atmosphere
B: lovely_family_hotel
Answer:
",Answer: No
2026-08-16 22:12:53,1,20355,no_evident_not_front_to_unwind_evening,everything_clean,"Task: decide if Proposition B contradicts Assumption A.

Steps:
1. A defends a claim (strip ""no_evident_not_"" / ""have_evident_"" to see it).
2. B states a fact.
3. Does B disprove A's claim? Same specific issue only, not just same topic.

Output pattern (always use this exact shape):
A: <phrase>
B: <phrase>
Answer: Yes/No

Examples:

A: no_evident_not_easy_check-in
B: customer_wait_10_minute_for_greet
Answer: Yes

A: no_evident_not_easy_check-in
B: no_one_give_key_on_late_check-in
Answer: No

A: no_evident_not_great_quality
B: shampoo_seem_cheap_considering_hotel_cost
Answer: Yes

A: no_evident_not_great_quality
B: expensive_hotel
Answer: No

Now answer for this pair. Output ONLY the final line ""Answer: Yes"" or ""Answer: No"" — no other text.

A: no_evident_not_front_to_unwind_evening
B: everything_clean
Answer:
","A: no_evident_not_front_to_unwind_evening
B: everything_clean
Answer: No"
2026-08-16 22:12:53,1,18449,no_evident_not_hotel_received_package_prior_arrival,simple_decoration,"Task: decide if Proposition B contradicts Assumption A.

Steps:
1. A defends a claim (strip ""no_evident_not_"" / ""have_evident_"" to see it).
2. B states a fact.
3. Does B disprove A's claim? Same specific issue only, not just same topic.

Output pattern (always use this exact shape):
A: <phrase>
B: <phrase>
Answer: Yes/No

Examples:

A: no_evident_not_easy_check-in
B: customer_wait_10_minute_for_greet
Answer: Yes

A: no_evident_not_easy_check-in
B: no_one_give_key_on_late_check-in
Answer: No

A: no_evident_not_great_quality
B: shampoo_seem_cheap_considering_hotel_cost
Answer: Yes

A: no_evident_not_great_quality
B: expensive_hotel
Answer: No

Now answer for this pair. Output ONLY the final line ""Answer: Yes"" or ""Answer: No"" — no other text.

A: no_evident_not_hotel_received_package_prior_arrival
B: simple_decoration
Answer:
","A: no_evident_not_hotel_received_package_prior_arrival
B: simple_decoration
Answer: No"
2026-08-16 22:12:53,1,3277,no_evident_not_lovely_little_hotel,amazing_hotel,"Task: decide if Proposition B contradicts Assumption A.

Steps:
1. A defends a claim (strip ""no_evident_not_"" / ""have_evident_"" to see it).
2. B states a fact.
3. Does B disprove A's claim? Same specific issue only, not just same topic.

Output pattern (always use this exact shape):
A: <phrase>
B: <phrase>
Answer: Yes/No

Examples:

A: no_evident_not_easy_check-in
B: customer_wait_10_minute_for_greet
Answer: Yes

A: no_evident_not_easy_check-in
B: no_one_give_key_on_late_check-in
Answer: No

A: no_evident_not_great_quality
B: shampoo_seem_cheap_considering_hotel_cost
Answer: Yes

A: no_evident_not_great_quality
B: expensive_hotel
Answer: No

Now answer for this pair. Output ONLY the final line ""Answer: Yes"" or ""Answer: No"" — no other text.

A: no_evident_not_lovely_little_hotel
B: amazing_hotel
Answer:
","A: no_evident_not_lovely_little_hotel
B: amazing_hotel
Answer: Yes"
2026-08-16 22:12:53,1,2401,no_evident_not_feel_new,everything_modern,"Task: decide if Proposition B contradicts Assumption A.

Steps:
1. A defends a claim (strip ""no_evident_not_"" / ""have_evident_"" to see it).
2. B states a fact.
3. Does B disprove A's claim? Same specific issue only, not just same topic.

Output pattern (always use this exact shape):
A: <phrase>
B: <phrase>
Answer: Yes/No

Examples:

A: no_evident_not_easy_check-in
B: customer_wait_10_minute_for_greet
Answer: Yes

A: no_evident_not_easy_check-in
B: no_one_give_key_on_late_check-in
Answer: No

A: no_evident_not_great_quality
B: shampoo_seem_cheap_considering_hotel_cost
Answer: Yes

A: no_evident_not_great_quality
B: expensive_hotel
Answer: No

Now answer for this pair. Output ONLY the final line ""Answer: Yes"" or ""Answer: No"" — no other text.

A: no_evident_not_feel_new
B: everything_modern
Answer:
","A: no_evident_not_feel_new
B: everything_modern
Answer: No"
